# simTime drag lift presDiff dispAx dispAy aleNorm aleTime flowTime beamTime couplingIter flowIter beamIter omega resAbs resRel
0 0 0 0 0 0 0 0 0 0 0 0 0 1 0 0
0.01 0.168299 -0.00137701 3.60558 -1.40236e-07 -1.98246e-10 2.15962e-08 1.51562 7.5388 1.15381 4 2 3 0.946473 5.46084e-11 0.000871584
0.02 0.270047 -0.000859563 5.57673 -3.84283e-07 -7.22793e-10 5.81998e-08 3.41067 21.3256 2.77088 5 3 3 0.609536 4.54116e-11 0.00144815
0.03 0.713853 -0.00377463 14.8065 -9.38987e-07 -2.00091e-09 1.44362e-07 4.92728 32.372 4.04139 4 3 3 0.946712 9.04698e-11 0.000571855
0.04 1.11171 -0.00448365 22.5108 -1.79491e-06 -4.63353e-09 2.76454e-07 6.8239 46.169 5.77405 5 3 3 0.617966 7.51541e-11 0.000617742
0.05 1.5335 -0.00476145 30.442 -2.78167e-06 -9.29602e-09 4.33073e-07 8.71929 59.9382 7.50546 5 3 3 0.615338 9.43807e-11 0.0007504
0.06 1.97221 -0.00692951 38.3376 -3.82901e-06 -1.687e-08 6.00476e-07 10.615 73.7264 9.23621 5 3 3 0.855598 1.60334e-11 0.000138867
0.07 2.42826 -0.00836359 46.3596 -4.80555e-06 -2.84175e-08 7.56539e-07 12.5107 87.5199 10.9667 5 3 3 0.648397 4.56745e-11 0.000399096
0.08 2.90019 -0.00966425 54.4627 -5.62773e-06 -4.50865e-08 8.85911e-07 14.4064 101.286 12.6972 5 3 3 0.641841 5.09997e-11 0.000457479
0.09 3.38785 -0.0111321 62.6694 -6.21686e-06 -6.77989e-08 9.76192e-07 16.303 115.051 14.4281 5 3 3 0.658524 4.40559e-11 0.000402634
0.1 3.89086 -0.012816 70.9731 -6.57889e-06 -9.75161e-08 1.02861e-06 18.1992 128.857 16.1588 5 3 3 0.698173 3.5146e-11 0.00032952
0.11 4.40886 -0.0143386 79.3748 -6.76072e-06 -1.3528e-07 1.05145e-06 20.0946 142.649 17.8893 5 3 3 0.677037 4.01929e-11 0.000386746
0.12 4.94113 -0.0158994 87.8649 -6.85107e-06 -1.82306e-07 1.05977e-06 21.9907 156.409 19.6197 5 3 3 0.689731 3.7711e-11 0.000372177
0.13 5.4867 -0.0175407 96.4314 -6.92683e-06 -2.40043e-07 1.06663e-06 23.8866 170.177 21.3507 5 3 3 0.714901 3.34733e-11 0.000337773
0.14 6.04452 -0.0192135 105.062 -7.05181e-06 -3.10228e-07 1.08279e-06 25.783 183.961 23.0807 5 3 3 0.732727 3.08585e-11 0.000317329
0.15 6.61349 -0.0208946 113.744 -7.24962e-06 -3.94885e-07 1.112e-06 27.6779 197.755 24.812 5 3 3 0.745739 2.89002e-11 0.000301976
0.16 7.19274 -0.0226237 122.472 -7.51471e-06 -4.96324e-07 1.15344e-06 29.5731 211.534 26.543 5 3 3 0.779431 2.50055e-11 0.000264898
0.17 7.78158 -0.0243947 131.239 -7.80911e-06 -6.1714e-07 1.20089e-06 31.4693 225.297 28.2742 5 3 3 0.822274 2.04479e-11 0.00021937
0.18 8.37962 -0.0261852 140.045 -8.08655e-06 -7.60186e-07 1.24739e-06 33.3663 239.075 30.0056 5 3 3 0.863389 1.56278e-11 0.000169755
0.19 8.98665 -0.0280128 148.89 -8.30015e-06 -9.28541e-07 1.28577e-06 34.8839 250.089 31.3905 4 3 3 0.942978 9.94649e-11 0.00109456
0.2 9.60259 -0.0298484 157.777 -8.42168e-06 -1.12549e-06 1.31262e-06 36.4022 261.106 32.7755 4 3 3 0.942813 9.30072e-11 0.00103756
0.21 10.2274 -0.0316421 166.706 -8.44121e-06 -1.35451e-06 1.32741e-06 37.9192 272.126 34.1605 4 3 3 0.94261 8.83377e-11 0.000999482
0.22 10.8609 -0.0334476 175.676 -8.37151e-06 -1.6192e-06 1.33392e-06 39.4373 283.143 35.5469 4 3 3 0.942302 9.10631e-11 0.00104478
0.23 11.5029 -0.0353214 184.684 -8.23695e-06 -1.9233e-06 1.33746e-06 41.3341 296.943 37.2796 5 3 3 0.693369 2.29559e-11 0.000266892
0.24 12.1529 -0.0372621 193.727 -8.0686e-06 -2.27065e-06 1.34464e-06 43.2305 310.72 39.0101 5 3 3 0.640758 3.03545e-11 0.000357188
0.25 12.8106 -0.0391325 202.798 -7.89139e-06 -2.66523e-06 1.36039e-06 45.1272 324.532 40.7404 5 3 3 0.626563 3.37469e-11 0.0004014
0.26 13.4755 -0.0409528 211.893 -7.72135e-06 -3.11108e-06 1.38838e-06 47.0234 338.323 42.4715 5 3 3 0.617209 3.9238e-11 0.000471121
0.27 14.1471 -0.0428355 221.007 -7.56012e-06 -3.61229e-06 1.42963e-06 48.9206 352.114 44.2021 5 3 3 0.611239 5.09257e-11 0.00061658
0.28 14.825 -0.0447004 230.139 -7.39937e-06 -4.17297e-06 1.48436e-06 50.8176 365.894 45.9327 5 3 3 0.609257 6.0605e-11 0.000739295
0.29 15.509 -0.046529 239.285 -7.22276e-06 -4.79726e-06 1.55172e-06 52.7145 379.687 47.6641 5 3 3 0.608461 7.08579e-11 0.000870393
0.3 16.1988 -0.0483331 248.446 -7.01384e-06 -5.48926e-06 1.63169e-06 54.6121 393.44 49.3951 5 3 3 0.608191 8.3003e-11 0.00102615
0.31 16.8944 -0.0501099 257.622 -6.75894e-06 -6.25302e-06 1.72454e-06 56.5078 407.217 51.1262 5 3 3 0.608195 9.64079e-11 0.00119902
0.32 17.5956 -0.0518314 266.813 -6.45229e-06 -7.09257e-06 1.83177e-06 58.7825 423.77 53.2045 6 3 3 0.607884 8.18106e-13 1.02294e-05
0.33 18.3023 -0.0531444 276.019 -6.09485e-06 -8.01195e-06 1.95502e-06 61.0562 440.317 55.2819 6 3 3 0.607888 8.89699e-13 1.11776e-05
0.34 19.0143 -0.0547384 285.238 -5.69452e-06 -9.01488e-06 2.09607e-06 63.331 456.867 57.3589 6 3 3 0.607998 1.03565e-12 1.30612e-05
0.35 19.7315 -0.0564136 294.47 -5.26156e-06 -1.01051e-05 2.25607e-06 65.6059 473.423 59.4373 6 3 3 0.608094 1.22063e-12 1.54414e-05
0.36 20.4536 -0.0576367 303.713 -4.80673e-06 -1.12864e-05 2.43576e-06 67.8816 490.067 61.5154 6 3 3 0.608134 1.35709e-12 1.72078e-05
0.37 21.1805 -0.058973 312.966 -4.33717e-06 -1.25621e-05 2.63514e-06 70.157 506.693 63.5937 6 3 3 0.608273 1.65781e-12 2.10542e-05
0.38 21.9118 -0.0601557 322.226 -3.85623e-06 -1.39357e-05 2.85413e-06 72.4345 523.369 65.6719 6 3 3 0.608401 1.96723e-12 2.50082e-05
0.39 22.6475 -0.0611582 331.493 -3.36222e-06 -1.54102e-05 3.09236e-06 74.7111 540.027 67.7506 6 3 3 0.608555 2.34021e-12 2.97632e-05
0.4 23.3873 -0.0620757 340.769 -2.85085e-06 -1.69887e-05 3.34975e-06 76.9901 556.668 69.8298 6 3 3 0.608769 2.83353e-12 3.60336e-05
0.41 24.1312 -0.0628211 350.052 -2.31592e-06 -1.8674e-05 3.62618e-06 79.2672 573.344 71.9086 6 3 3 0.609019 3.37749e-12 4.29253e-05
0.42 24.8791 -0.0634013 359.344 -1.75246e-06 -2.04685e-05 3.92179e-06 81.5455 590.028 73.9876 6 3 3 0.609338 4.00465e-12 5.08361e-05
0.43 25.631 -0.0638216 368.646 -1.15701e-06 -2.23745e-05 4.23666e-06 83.8206 606.695 76.0656 6 3 3 0.609744 4.70507e-12 5.96234e-05
0.44 26.3869 -0.0640514 377.96 -5.29369e-07 -2.4394e-05 4.57091e-06 86.0973 623.365 78.1448 6 3 3 0.610249 5.44379e-12 6.88239e-05
0.45 27.1467 -0.0640923 387.288 1.28677e-07 -2.65285e-05 4.92455e-06 88.3745 640.037 80.2245 6 3 3 0.610889 6.21523e-12 7.83518e-05
0.46 27.9105 -0.0639322 396.63 8.13241e-07 -2.87794e-05 5.29752e-06 90.6512 656.726 82.3023 6 3 3 0.61169 6.98821e-12 8.78002e-05
0.47 28.6781 -0.0635612 405.988 1.52049e-06 -3.11474e-05 5.68965e-06 92.9273 673.396 84.3812 6 3 3 0.612692 7.74305e-12 9.6918e-05
0.48 29.4497 -0.0629709 415.364 2.24679e-06 -3.36332e-05 6.10076e-06 95.2047 690.048 86.4598 6 3 3 0.613941 8.45957e-12 0.000105452
0.49 30.2251 -0.0621542 424.76 2.99038e-06 -3.62366e-05 6.53062e-06 97.4838 706.712 88.5382 6 3 3 0.615494 9.12587e-12 0.000113259
0.5 31.0045 -0.0611002 434.177 3.75067e-06 -3.89575e-05 6.97904e-06 99.7611 723.401 90.6179 6 3 3 0.617416 9.73219e-12 0.000120223
0.51 31.788 -0.0598036 443.62 4.52891e-06 -4.17951e-05 7.44581e-06 102.04 740.056 92.6979 6 3 3 0.619799 1.02781e-11 0.000126345
0.52 32.5755 -0.0582538 453.09 5.32667e-06 -4.4748e-05 7.93071e-06 104.319 756.696 94.7776 6 3 3 0.622739 1.07649e-11 0.000131648
0.53 33.3672 -0.0564453 462.592 6.14603e-06 -4.78147e-05 8.43351e-06 106.598 773.369 96.8567 6 3 3 0.626377 1.12003e-11 0.000136229
0.54 34.1632 -0.0543685 472.129 6.98804e-06 -5.0993e-05 8.95389e-06 108.875 790.061 98.9357 6 3 3 0.630864 1.15943e-11 0.000140215
0.55 34.9637 -0.0520186 481.707 7.85333e-06 -5.42804e-05 9.49145e-06 111.152 806.738 101.016 6 3 3 0.636415 1.19605e-11 0.000143779
0.56 35.7689 -0.0493868 491.328 8.74107e-06 -5.7674e-05 1.00457e-05 113.429 823.414 103.096 6 3 3 0.643257 1.23155e-11 0.000147126
0.57 36.5789 -0.046458 500.999 9.6502e-06 -6.11703e-05 1.06161e-05 115.327 837.284 104.83 5 3 3 0.607949 9.53655e-11 0.00113198
0.58 37.3939 -0.0434984 510.723 1.05787e-05 -6.47654e-05 1.12019e-05 117.225 851.195 106.563 5 3 3 0.608008 8.47041e-11 0.000998738
0.59 38.2142 -0.0399214 520.506 1.15253e-05 -6.84553e-05 1.18026e-05 119.123 865.093 108.296 5 3 3 0.60805 7.71808e-11 0.000904149
0.6 39.0399 -0.0359389 530.354 1.24885e-05 -7.22354e-05 1.24173e-05 121.022 878.993 110.028 5 3 3 0.608104 6.95789e-11 0.000809714
0.61 39.8713 -0.0319546 540.271 1.34679e-05 -7.61008e-05 1.30453e-05 122.921 892.891 111.762 5 3 3 0.608184 6.15582e-11 0.000711477
0.62 40.7086 -0.0274618 550.265 1.4463e-05 -8.00464e-05 1.36858e-05 124.819 906.795 113.496 5 3 3 0.608246 5.59043e-11 0.000641886
0.63 41.5521 -0.0227128 560.342 1.54744e-05 -8.40665e-05 1.4338e-05 126.715 920.704 115.229 5 3 3 0.608324 5.04599e-11 0.000575483
0.64 42.402 -0.0176953 570.508 1.65022e-05 -8.81553e-05 1.50011e-05 128.612 934.61 116.962 5 3 3 0.608406 4.59803e-11 0.000520883
0.65 43.2586 -0.0123181 580.77 1.75467e-05 -9.23068e-05 1.56742e-05 130.511 948.504 118.695 5 3 3 0.608488 4.26104e-11 0.000479499
0.66 44.1222 -0.00666005 591.136 1.86077e-05 -9.65146e-05 1.63563e-05 132.409 962.415 120.429 5 3 3 0.608578 4.0041e-11 0.000447589
0.67 44.993 -0.000693465 601.612 1.96849e-05 -0.000100772 1.70465e-05 134.308 976.308 122.162 5 3 3 0.608669 3.84189e-11 0.000426625
0.68 45.8714 0.00558955 612.206 2.07772e-05 -0.000105073 1.77437e-05 136.205 990.191 123.895 5 3 3 0.608763 3.76365e-11 0.000415224
0.69 46.7576 0.0121694 622.925 2.18839e-05 -0.00010941 1.84469e-05 138.102 1004.09 125.627 5 3 3 0.608862 3.75577e-11 0.000411702
0.7 47.6519 0.0190586 633.777 2.30036e-05 -0.000113776 1.9155e-05 139.999 1017.99 127.36 5 3 3 0.608962 3.80795e-11 0.000414822
0.71 48.5546 0.0262533 644.768 2.41356e-05 -0.000118165 1.98671e-05 141.899 1031.93 129.092 5 3 3 0.609064 3.90547e-11 0.000422861
0.72 49.4659 0.0337543 655.905 2.52787e-05 -0.000122569 2.05819e-05 143.797 1045.88 130.824 5 3 3 0.609169 4.03596e-11 0.000434426
0.73 50.386 0.041566 667.195 2.64325e-05 -0.000126981 2.12985e-05 145.696 1059.79 132.557 5 3 3 0.609275 4.18921e-11 0.00044836
0.74 51.3152 0.0496937 678.643 2.75962e-05 -0.000131395 2.20158e-05 147.594 1073.73 134.29 5 3 3 0.609383 4.35653e-11 0.000463723
0.75 52.2537 0.0581441 690.255 2.87695e-05 -0.000135803 2.27328e-05 149.492 1087.67 136.024 5 3 3 0.609492 4.53167e-11 0.000479823
0.76 53.2017 0.0669308 702.036 2.99516e-05 -0.000140199 2.34485e-05 151.39 1101.57 137.757 5 3 3 0.609602 4.70955e-11 0.000496142
0.77 54.1593 0.0760676 713.989 3.11423e-05 -0.000144576 2.41619e-05 153.286 1115.48 139.49 5 3 3 0.609713 4.88674e-11 0.000512308
0.78 55.1268 0.085577 726.117 3.23403e-05 -0.000148928 2.48721e-05 155.183 1129.39 141.222 5 3 3 0.609823 5.06037e-11 0.000528056
0.79 56.1041 0.095484 738.422 3.35451e-05 -0.00015325 2.55781e-05 157.082 1143.28 142.954 5 3 3 0.609934 5.22867e-11 0.000543197
0.8 57.0913 0.105823 750.902 3.47553e-05 -0.000157535 2.62791e-05 158.98 1157.2 144.687 5 3 3 0.610044 5.38999e-11 0.000557601
0.81 58.0885 0.116634 763.558 3.597e-05 -0.000161777 2.69742e-05 160.878 1171.12 146.42 5 3 3 0.610153 5.54342e-11 0.00057117
0.82 59.0956 0.127964 776.387 3.71878e-05 -0.000165973 2.76627e-05 162.775 1185.06 148.153 5 3 3 0.610262 5.68799e-11 0.000583842
0.83 60.1125 0.139871 789.384 3.84078e-05 -0.000170118 2.83438e-05 164.673 1198.99 149.886 5 3 3 0.610369 5.8231e-11 0.000595543
0.84 61.1392 0.152418 802.545 3.96288e-05 -0.000174207 2.90169e-05 166.602 1212.93 151.619 5 3 3 0.610475 5.94805e-11 0.000606233
0.85 62.1753 0.165677 815.863 4.08499e-05 -0.000178238 2.96814e-05 168.499 1226.85 153.354 5 3 3 0.610579 6.06239e-11 0.000615841
0.86 63.2206 0.179729 829.33 4.20698e-05 -0.000182207 3.03368e-05 170.396 1240.74 155.087 5 3 3 0.610682 6.16534e-11 0.000624314
0.87 64.2748 0.194659 842.939 4.32877e-05 -0.000186112 3.09827e-05 172.295 1254.69 156.819 5 3 3 0.610783 6.25634e-11 0.000631561
0.88 65.3374 0.210559 856.68 4.45023e-05 -0.000189951 3.16187e-05 174.193 1268.6 158.552 5 3 3 0.610882 6.33446e-11 0.000637507
0.89 66.408 0.227524 870.544 4.57127e-05 -0.000193723 3.22445e-05 176.09 1282.52 160.285 5 3 3 0.61098 6.39884e-11 0.000642027
0.9 67.486 0.24565 884.522 4.69174e-05 -0.000197428 3.28599e-05 177.987 1296.45 162.019 5 3 3 0.611077 6.4483e-11 0.00064502
0.91 68.5707 0.265033 898.606 4.81153e-05 -0.000201065 3.34648e-05 179.886 1310.36 163.752 5 3 3 0.611173 6.48165e-11 0.000646325
0.92 69.6615 0.285768 912.785 4.93048e-05 -0.000204636 3.4059e-05 181.783 1324.32 165.485 5 3 3 0.611269 6.49731e-11 0.000645805
0.93 70.7576 0.307941 927.053 5.0485e-05 -0.000208141 3.46426e-05 183.681 1338.26 167.219 5 3 3 0.611366 6.49369e-11 0.000643261
0.94 71.8582 0.331636 941.402 5.1654e-05 -0.000211582 3.52156e-05 185.579 1352.21 168.951 5 3 3 0.611464 6.46875e-11 0.000638517
0.95 72.9623 0.356922 955.826 5.28109e-05 -0.000214961 3.57781e-05 187.476 1366.15 170.684 5 3 3 0.611564 6.4204e-11 0.000631337
0.96 74.0692 0.383864 970.317 5.39541e-05 -0.000218281 3.63302e-05 189.374 1380.11 172.418 5 3 3 0.611667 6.34599e-11 0.000621502
0.97 75.1779 0.412509 984.873 5.50826e-05 -0.000221546 3.68721e-05 191.273 1398.45 174.15 5 4 3 0.611775 6.2428e-11 0.000608732
0.98 76.2875 0.442898 999.486 5.61947e-05 -0.000224759 3.74042e-05 193.171 1416.76 175.883 5 4 3 0.61189 6.10738e-11 0.000592759
0.99 77.3971 0.475055 1014.16 5.72894e-05 -0.000227924 3.79265e-05 195.068 1435.1 177.616 5 4 3 0.612012 5.93613e-11 0.000573256
1 78.5058 0.508993 1028.87 5.83651e-05 -0.000231044 3.84393e-05 196.966 1453.45 179.349 5 4 3 0.612145 5.72476e-11 0.000549906
1.01 79.6129 0.544714 1043.64 5.94209e-05 -0.000234123 3.8943e-05 198.864 1471.81 181.082 5 4 3 0.612291 5.46892e-11 0.000522356
1.02 80.7174 0.58221 1058.46 6.04551e-05 -0.000237166 3.94376e-05 200.76 1490.15 182.813 5 4 3 0.612452 5.16409e-11 0.000490308
1.03 81.8186 0.621461 1073.31 6.14665e-05 -0.000240175 3.99235e-05 202.658 1508.54 184.545 5 4 3 0.612633 4.80724e-11 0.000453579
1.04 82.9159 0.662441 1088.21 6.24537e-05 -0.000243155 4.04006e-05 204.555 1526.92 186.278 5 4 3 0.612838 4.39924e-11 0.000412407
1.05 84.0085 0.705114 1103.14 6.34155e-05 -0.000246107 4.08691e-05 206.454 1545.27 188.01 5 4 3 0.613075 3.95285e-11 0.0003681
1.06 85.0959 0.74944 1118.1 6.43502e-05 -0.000249035 4.1329e-05 208.351 1563.61 189.743 5 4 3 0.61335 3.51073e-11 0.000324729
1.07 86.1775 0.795368 1133.09 6.52568e-05 -0.000251938 4.17802e-05 210.248 1581.98 191.475 5 4 3 0.613676 3.18745e-11 0.000292827
1.08 87.2527 0.842847 1148.11 6.61336e-05 -0.000254818 4.22223e-05 212.146 1600.35 193.207 5 4 3 0.61407 3.21774e-11 0.000293623
1.09 88.3212 0.891815 1163.15 6.69795e-05 -0.000257673 4.26551e-05 214.043 1618.7 194.94 5 4 3 0.614558 3.8763e-11 0.000351378
1.1 89.3824 0.942206 1178.21 6.77927e-05 -0.0002605 4.30779e-05 215.942 1637.05 196.671 5 4 3 0.615179 5.27587e-11 0.000475191
1.11 90.4358 0.993946 1193.27 6.85719e-05 -0.000263295 4.34901e-05 217.838 1655.41 198.405 5 4 3 0.615999 7.41785e-11 0.000664026
1.12 91.4812 1.0469 1208.35 6.93155e-05 -0.000266053 4.38908e-05 220.114 1673.04 200.484 6 4 3 0.796028 4.67926e-11 0.000416468
1.13 92.5179 1.10128 1223.42 7.0022e-05 -0.000268765 4.42788e-05 222.391 1689.76 202.562 6 3 3 0.716792 3.71689e-11 0.000329021
1.14 93.5457 1.15668 1238.49 7.06895e-05 -0.000271422 4.46528e-05 224.668 1706.49 204.642 6 3 3 0.674692 3.07099e-11 0.000270521
1.15 94.5641 1.21295 1253.55 7.13169e-05 -0.000274013 4.50114e-05 226.943 1723.24 206.722 6 3 3 0.649794 2.38866e-11 0.000209491
1.16 95.5727 1.27029 1268.59 7.19021e-05 -0.000276523 4.53528e-05 229.219 1739.98 208.8 6 3 3 0.634892 1.54645e-11 0.000135078
1.17 96.5712 1.32831 1283.61 7.24439e-05 -0.000278935 4.5675e-05 231.495 1756.72 210.878 6 3 3 0.629541 1.67423e-11 0.000145719
1.18 97.5591 1.38695 1298.6 7.29407e-05 -0.000281233 4.59758e-05 233.391 1770.65 212.61 5 3 3 0.813964 7.88691e-11 0.000684211
1.19 98.5361 1.44597 1313.56 7.33915e-05 -0.000283395 4.6253e-05 235.669 1787.36 214.69 6 3 3 0.602532 3.08138e-11 0.000266522
1.2 99.5018 1.50544 1328.47 7.37949e-05 -0.0002854 4.6504e-05 237.944 1804.14 216.77 6 3 3 0.612842 1.34496e-11 0.000115976
1.21 100.456 1.56522 1343.34 7.41503e-05 -0.000287224 4.67261e-05 240.219 1820.84 218.847 6 3 3 0.620627 1.40164e-11 0.00012047
1.22 101.398 1.62484 1358.16 7.4457e-05 -0.000288842 4.69168e-05 242.495 1837.5 220.924 6 3 3 0.628715 2.13169e-11 0.00018261
1.23 102.328 1.6843 1372.93 7.47149e-05 -0.000290227 4.70732e-05 244.769 1854.17 223.001 6 3 3 0.63793 2.68116e-11 0.000228759
1.24 103.246 1.74347 1387.64 7.49238e-05 -0.000291353 4.71925e-05 247.042 1870.78 225.077 6 3 3 0.648196 3.06024e-11 0.000259852
1.25 104.151 1.80206 1402.29 7.50844e-05 -0.000292192 4.72721e-05 249.316 1887.35 227.153 6 3 3 0.659943 3.43595e-11 0.000290105
1.26 105.044 1.85995 1416.87 7.51972e-05 -0.000292716 4.73094e-05 251.59 1903.98 229.229 6 3 3 0.675833 4.08004e-11 0.000342141
1.27 105.923 1.91695 1431.38 7.52635e-05 -0.000292898 4.73019e-05 253.864 1920.55 231.306 6 3 3 0.704347 5.36955e-11 0.00044665
1.28 106.789 1.97287 1445.82 7.52844e-05 -0.000292708 4.72474e-05 256.138 1937.11 233.382 6 3 3 0.77233 8.14071e-11 0.000670824
1.29 107.642 2.0275 1460.19 7.52616e-05 -0.000292121 4.71438e-05 258.789 1956.46 235.804 7 3 3 0.771181 2.67999e-11 0.000218465
1.3 108.482 2.0806 1474.47 7.51968e-05 -0.000291108 4.69895e-05 261.441 1975.76 238.225 7 3 3 0.799227 3.69902e-11 0.00029792
1.31 109.308 2.13228 1488.68 7.50923e-05 -0.000289644 4.67828e-05 264.093 1995.09 240.648 7 3 3 0.817195 3.07452e-11 0.000244188
1.32 110.121 2.18227 1502.79 7.49496e-05 -0.0002877 4.65225e-05 266.745 2014.4 243.069 7 3 3 0.825166 2.51133e-11 0.000196466
1.33 110.92 2.23025 1516.82 7.47713e-05 -0.000285251 4.62076e-05 269.395 2033.7 245.491 7 3 3 0.816567 2.4068e-11 0.000185287
1.34 111.706 2.27626 1530.74 7.45591e-05 -0.000282267 4.58373e-05 272.046 2053.02 247.913 7 3 3 0.757948 2.40105e-11 0.000181608
1.35 112.477 2.32007 1544.56 7.43154e-05 -0.000278719 4.54108e-05 274.697 2072.39 250.335 7 3 3 0.723317 2.43052e-11 0.000180441
1.36 113.235 2.36156 1558.28 7.40418e-05 -0.000274577 4.49274e-05 277.348 2091.69 252.757 7 3 3 0.816102 2.72725e-11 0.000198511
1.37 113.979 2.40064 1571.87 7.37403e-05 -0.000269808 4.43868e-05 280.001 2111 255.181 7 3 3 0.860371 3.26674e-11 0.00023286
1.38 114.709 2.43711 1585.35 7.34122e-05 -0.000264376 4.37883e-05 282.653 2130.33 257.602 7 3 3 0.864983 4.10516e-11 0.000286339
1.39 115.424 2.47081 1598.69 7.30593e-05 -0.000258243 4.3132e-05 285.304 2149.67 260.023 7 3 3 0.861898 4.99216e-11 0.000340421
1.4 116.125 2.50164 1611.89 7.26825e-05 -0.000251371 4.24179e-05 287.955 2168.99 262.442 7 3 3 0.856712 5.85268e-11 0.000389802
1.41 116.812 2.52943 1624.94 7.22833e-05 -0.000243719 4.16468e-05 290.606 2188.33 264.864 7 3 3 0.850323 6.67398e-11 0.000433816
1.42 117.484 2.55406 1637.84 7.18627e-05 -0.000235248 4.08205e-05 293.258 2207.72 267.285 7 3 3 0.842802 7.45126e-11 0.00047233
1.43 118.14 2.57542 1650.58 7.14221e-05 -0.000225921 3.99422e-05 295.908 2227.12 269.707 7 3 3 0.834065 8.1746e-11 0.000504983
1.44 118.782 2.59342 1663.15 7.09626e-05 -0.000215704 3.9017e-05 298.561 2246.47 272.128 7 3 3 0.824029 8.83156e-11 0.000531382
1.45 119.409 2.60806 1675.56 7.04861e-05 -0.000204568 3.80527e-05 301.214 2265.69 274.548 7 3 3 0.812654 9.40882e-11 0.000551171
1.46 120.021 2.61934 1687.78 6.99941e-05 -0.000192494 3.70601e-05 303.862 2284.92 276.969 7 3 3 0.799988 9.89525e-11 0.000564257
1.47 120.617 2.62733 1699.82 6.94887e-05 -0.000179469 3.60537e-05 306.89 2306.89 279.733 8 3 3 0.720682 1.68526e-11 9.35492e-05
1.48 121.197 2.63206 1711.67 6.89718e-05 -0.000165493 3.50525e-05 309.931 2328.85 282.496 8 3 3 0.712471 1.71946e-11 9.29749e-05
1.49 121.762 2.63403 1723.33 6.84456e-05 -0.000150575 3.40801e-05 312.957 2350.81 285.262 8 3 3 0.705131 1.73492e-11 9.13779e-05
1.5 122.312 2.63335 1734.79 6.79118e-05 -0.000134739 3.31648e-05 315.985 2372.77 288.025 8 3 3 0.698394 1.7372e-11 8.92405e-05
1.51 122.845 2.63014 1746.04 6.73722e-05 -0.00011802 3.23394e-05 319.012 2394.75 290.788 8 3 3 0.692047 1.73091e-11 8.68744e-05
1.52 123.362 2.62492 1757.09 6.6828e-05 -0.000100465 3.16403e-05 322.039 2416.73 293.552 8 3 3 0.685887 1.71879e-11 8.43803e-05
1.53 123.864 2.61792 1767.91 6.62807e-05 -8.21318e-05 3.11058e-05 325.067 2438.71 296.316 8 3 3 0.67976 1.70145e-11 8.18809e-05
1.54 124.349 2.6095 1778.51 6.57305e-05 -6.30919e-05 3.07731e-05 328.093 2460.73 299.082 8 3 3 0.673532 1.67731e-11 7.92995e-05
1.55 124.817 2.60005 1788.88 6.51785e-05 -4.34252e-05 3.06754e-05 331.12 2482.71 301.846 8 3 3 0.667124 1.64411e-11 7.65401e-05
1.56 125.268 2.58989 1799 6.46246e-05 -2.32208e-05 3.08381e-05 334.148 2504.68 304.612 8 3 3 0.660527 1.60075e-11 7.3575e-05
1.57 125.703 2.57941 1808.88 6.40694e-05 -2.5754e-06 3.12763e-05 337.176 2526.68 307.377 8 3 3 0.653809 1.54839e-11 7.0454e-05
1.58 126.12 2.56896 1818.5 6.35127e-05 1.84081e-05 3.19922e-05 340.204 2548.66 310.141 8 3 3 0.647125 1.49204e-11 6.73959e-05
1.59 126.521 2.55889 1827.86 6.2955e-05 3.96224e-05 3.29761e-05 343.248 2570.68 312.906 8 3 3 0.640724 1.44095e-11 6.48003e-05
1.6 126.903 2.54953 1836.95 6.23962e-05 6.09571e-05 3.42075e-05 346.276 2592.67 315.67 8 3 3 0.634903 1.40866e-11 6.3249e-05
1.61 127.268 2.5412 1845.76 6.18368e-05 8.23006e-05 3.56579e-05 349.304 2614.67 318.434 8 3 3 0.629942 1.41116e-11 6.34442e-05
1.62 127.615 2.53421 1854.28 6.12766e-05 0.000103542 3.7294e-05 352.332 2636.65 321.197 8 3 3 0.626049 1.46148e-11 6.59794e-05
1.63 127.943 2.52883 1862.51 6.07162e-05 0.000124571 3.90806e-05 355.358 2658.7 323.961 8 3 3 0.62328 1.56314e-11 7.10597e-05
1.64 128.253 2.52528 1870.44 6.01553e-05 0.000145282 4.09824e-05 358.386 2680.68 326.726 8 3 3 0.621544 1.70694e-11 7.83475e-05
1.65 128.545 2.52377 1878.07 5.95946e-05 0.000165574 4.29659e-05 361.413 2702.67 329.491 8 3 3 0.620631 1.87341e-11 8.70472e-05
1.66 128.817 2.52443 1885.38 5.90338e-05 0.000185351 4.5e-05 364.441 2724.74 332.257 8 3 3 0.620288 2.03916e-11 9.61536e-05
1.67 129.071 2.52737 1892.37 5.84734e-05 0.000204527 4.7057e-05 367.468 2746.72 335.022 8 3 3 0.620263 2.18255e-11 0.000104686
1.68 129.306 2.53261 1899.04 5.79133e-05 0.000223022 4.91121e-05 370.495 2768.73 337.786 8 3 3 0.620353 2.28737e-11 0.000111845
1.69 129.521 2.54013 1905.37 5.73541e-05 0.000240767 5.11443e-05 373.523 2790.71 340.55 8 3 3 0.620412 2.34427e-11 0.000117086
1.7 129.717 2.54985 1911.36 5.67958e-05 0.000257704 5.31357e-05 376.549 2812.71 343.314 8 3 3 0.620362 2.35052e-11 0.000120129
1.71 129.893 2.56162 1917.01 5.62391e-05 0.000273786 5.50717e-05 379.576 2834.69 346.077 8 3 3 0.620179 2.30899e-11 0.000120936
1.72 130.049 2.57522 1922.31 5.5684e-05 0.000288979 5.69408e-05 382.603 2856.67 348.842 8 3 3 0.61991 2.22653e-11 0.000119664
1.73 130.185 2.59038 1927.26 5.51312e-05 0.000303263 5.87346e-05 385.631 2878.64 351.608 8 3 3 0.619684 2.11256e-11 0.000116617
1.74 130.301 2.60677 1931.84 5.45809e-05 0.000316629 6.04475e-05 388.672 2900.62 354.372 8 3 3 0.619748 1.97817e-11 0.000112231
1.75 130.397 2.62404 1936.06 5.40339e-05 0.000329083 6.20769e-05 391.699 2922.62 357.138 8 3 3 0.620534 1.83516e-11 0.000107042
1.76 130.473 2.64175 1939.91 5.34901e-05 0.000340645 6.36225e-05 394.726 2944.61 359.904 8 3 3 0.62274 1.69558e-11 0.000101674
1.77 130.527 2.65953 1943.38 5.29503e-05 0.000351349 6.50866e-05 397.374 2963.86 362.322 7 3 3 0.754417 9.98165e-11 0.000615067
1.78 130.562 2.67704 1946.47 5.24145e-05 0.00036124 6.64736e-05 400.023 2983.11 364.741 7 3 3 0.762816 8.98102e-11 0.000567968
1.79 130.576 2.69337 1949.18 5.18833e-05 0.000370376 6.77902e-05 402.673 3002.39 367.162 7 3 3 0.772739 8.22093e-11 0.000533638
1.8 130.568 2.7083 1951.49 5.13566e-05 0.000378826 6.90445e-05 405.321 3021.64 369.581 7 3 3 0.784074 7.71195e-11 0.000512736
1.81 130.54 2.72165 1953.42 5.0835e-05 0.00038667 7.02464e-05 407.971 3040.87 371.999 7 3 3 0.79651 7.43481e-11 0.000504997
1.82 130.491 2.73268 1954.95 5.03184e-05 0.000393994 7.14066e-05 410.618 3060.14 374.417 7 3 3 0.809639 7.33688e-11 0.00050854
1.83 130.421 2.7412 1956.08 4.98073e-05 0.000400894 7.25369e-05 413.268 3079.37 376.836 7 3 3 0.821963 7.35876e-11 0.000518982
1.84 130.33 2.7469 1956.81 4.93016e-05 0.000407467 7.36496e-05 415.917 3098.58 379.255 7 3 3 0.832189 7.44373e-11 0.00053276
1.85 130.218 2.74948 1957.14 4.88017e-05 0.000413817 7.47569e-05 418.566 3117.81 381.673 7 3 3 0.83921 7.55686e-11 0.000547405
1.86 130.084 2.74882 1957.05 4.83076e-05 0.000420045 7.58709e-05 421.215 3137.03 384.092 7 3 3 0.842414 7.69088e-11 0.000562078
1.87 129.93 2.7448 1956.55 4.78196e-05 0.000426254 7.70033e-05 423.863 3156.25 386.512 7 3 3 0.841906 7.85329e-11 0.000577276
1.88 129.754 2.73738 1955.65 4.73376e-05 0.000432541 7.81648e-05 426.512 3175.48 388.93 7 3 3 0.83813 8.05554e-11 0.000593697
1.89 129.556 2.72664 1954.32 4.6862e-05 0.000439 7.9365e-05 429.16 3194.7 391.35 7 3 3 0.83164 8.30131e-11 0.000611466
1.9 129.338 2.71271 1952.58 4.63927e-05 0.000445716 8.06121e-05 431.809 3213.92 393.769 7 3 3 0.822967 8.5831e-11 0.000629968
1.91 129.098 2.69577 1950.42 4.59301e-05 0.000452767 8.19132e-05 434.457 3233.15 396.188 7 3 3 0.812541 8.88432e-11 0.000647921
1.92 128.836 2.67612 1947.84 4.54741e-05 0.000460219 8.32733e-05 437.105 3252.4 398.607 7 3 3 0.800704 9.18436e-11 0.00066387
1.93 128.554 2.65407 1944.84 4.50251e-05 0.000468126 8.46959e-05 439.754 3271.65 401.027 7 3 3 0.787772 9.46229e-11 0.000676486
1.94 128.25 2.63001 1941.41 4.4583e-05 0.000476531 8.61831e-05 442.403 3290.87 403.445 7 3 3 0.77406 9.70195e-11 0.000684937
1.95 127.925 2.60438 1937.57 4.41484e-05 0.000485462 8.77348e-05 445.052 3310.12 405.864 7 3 3 0.759921 9.89436e-11 0.000689034
1.96 127.578 2.57759 1933.3 4.3721e-05 0.000494934 8.93497e-05 448.078 3332.12 408.626 8 3 3 0.697872 1.61712e-11 0.000111029
1.97 127.21 2.55002 1928.6 4.33014e-05 0.000504949 9.10247e-05 451.105 3354.12 411.389 8 3 3 0.690557 1.60081e-11 0.000108418
1.98 126.822 2.52248 1923.49 4.28894e-05 0.000515493 9.27554e-05 454.131 3376.14 414.152 8 3 3 0.683337 1.5755e-11 0.000105214
1.99 126.412 2.49535 1917.95 4.24856e-05 0.00052654 9.45361e-05 457.174 3398.13 416.916 8 3 3 0.676092 1.54206e-11 0.000101701
2 125.981 2.46887 1911.98 4.20897e-05 0.000538052 9.63598e-05 460.202 3420.16 419.681 8 3 3 0.66876 1.50089e-11 9.79789e-05
2.01 125.613 2.44248 1907.42 4.16321e-05 0.000549979 9.82177e-05 462.853 3439.46 422.1 7 3 3 0.657777 9.33625e-11 0.000645415
2.02 125.401 2.41653 1906.22 4.09554e-05 0.00056226 0.000100099 465.507 3458.8 424.523 7 3 3 0.619252 7.48266e-11 0.000513641
2.03 125.278 2.3932 1906.81 3.99842e-05 0.000574827 0.000101994 468.161 3478.98 426.946 7 3 3 0.621316 7.47612e-11 0.000479882
2.04 125.166 2.37273 1907.44 3.87747e-05 0.000587602 0.000103892 470.815 3500.86 429.369 7 3 3 0.62482 8.16526e-11 0.000528911
2.05 125.059 2.35473 1908.01 3.74185e-05 0.000600505 0.000105785 473.467 3521.89 431.791 7 3 3 0.628665 9.02845e-11 0.000598053
2.06 124.957 2.33974 1908.51 3.6018e-05 0.00061345 0.000107661 476.498 3544.83 434.56 8 3 3 0.624085 5.61037e-12 3.80326e-05
2.07 124.858 2.32759 1908.95 3.46895e-05 0.000626348 0.000109513 479.53 3566.88 437.329 8 3 3 0.621339 5.97281e-12 4.14013e-05
2.08 124.764 2.31887 1909.35 3.35368e-05 0.000639114 0.000111328 482.563 3588.95 440.098 8 3 3 0.619644 7.28663e-12 5.17117e-05
2.09 124.674 2.31355 1909.73 3.26168e-05 0.000651662 0.000113098 485.595 3611.86 442.868 8 3 3 0.618916 9.3034e-12 6.79353e-05
2.1 124.589 2.31116 1910.11 3.19218e-05 0.000663909 0.000114813 488.626 3633.91 445.637 8 3 3 0.618969 1.16611e-11 8.82517e-05
2.11 124.511 2.31207 1910.49 3.13934e-05 0.000675777 0.000116463 491.658 3657.71 448.405 8 3 3 0.619463 1.39668e-11 0.000109851
2.12 124.438 2.31596 1910.89 3.09484e-05 0.000687196 0.00011804 494.691 3679.77 451.173 8 3 3 0.620157 1.5956e-11 0.000131
2.13 124.37 2.32259 1911.3 3.05066e-05 0.000698102 0.000119535 497.724 3701.84 453.943 8 3 3 0.620818 1.7415e-11 0.000149693
2.14 124.307 2.33182 1911.71 3.00092e-05 0.00070844 0.000120944 500.757 3723.88 456.711 8 3 3 0.621265 1.82334e-11 0.000164416
2.15 124.249 2.34331 1912.12 2.94322e-05 0.000718166 0.000122261 503.789 3746.78 459.48 8 4 3 0.621423 1.84207e-11 0.000174697
2.16 124.194 2.35677 1912.52 2.87859e-05 0.000727245 0.000123484 506.821 3768.88 462.248 8 3 3 0.621217 1.8026e-11 0.000180194
2.17 124.142 2.37189 1912.9 2.8107e-05 0.000735652 0.000124611 509.855 3790.95 465.015 8 3 3 0.620616 1.71486e-11 0.000181149
2.18 124.094 2.38829 1913.28 2.74427e-05 0.000743375 0.000125643 512.889 3813.87 467.784 8 3 3 0.619614 1.59055e-11 0.000178109
2.19 124.049 2.40565 1913.66 2.68359e-05 0.000750411 0.00012658 515.544 3833.21 470.206 7 3 3 0.727952 9.93236e-11 0.0011831
2.2 124.007 2.42377 1914.03 2.63135e-05 0.000756767 0.000127426 518.198 3852.53 472.628 7 3 3 0.733408 8.53474e-11 0.00108405
2.21 123.969 2.44176 1914.41 2.58815e-05 0.000762463 0.000128185 520.853 3873.59 475.052 7 3 3 0.73831 7.22216e-11 0.000984889
2.22 123.933 2.45948 1914.79 2.55263e-05 0.000767524 0.00012886 523.505 3894.62 477.474 7 3 3 0.742471 5.99488e-11 0.00087904
2.23 123.901 2.47689 1915.18 2.52221e-05 0.000771982 0.000129458 526.16 3917.43 479.896 7 4 3 0.745724 4.87718e-11 0.000769087
2.24 123.871 2.49329 1915.58 2.49392e-05 0.000775879 0.000129985 528.814 3939.33 482.318 7 5 3 0.748064 3.89041e-11 0.000662669
2.25 123.845 2.5086 1915.99 2.46538e-05 0.000779258 0.000130447 531.468 3959.5 484.741 7 3 3 0.748943 3.03775e-11 0.000558533
2.26 123.82 2.52258 1916.41 2.43526e-05 0.000782164 0.000130853 534.121 3978.82 487.164 7 3 3 0.747731 2.32851e-11 0.000462373
2.27 123.798 2.53501 1916.84 2.40361e-05 0.000784646 0.000131209 536.773 3998.13 489.586 7 3 3 0.743212 1.76518e-11 0.000379027
2.28 123.778 2.5458 1917.28 2.37146e-05 0.000786753 0.000131522 539.047 4016.41 491.663 6 3 3 0.767006 9.16427e-11 0.00212938
2.29 123.759 2.55481 1917.73 2.34056e-05 0.000788533 0.0001318 541.322 4036.44 493.738 6 3 3 0.736297 6.281e-11 0.00158394
2.3 123.742 2.56225 1918.19 2.31262e-05 0.000790034 0.00013205 543.596 4058.22 495.814 6 6 3 0.70731 4.22924e-11 0.00115853
2.31 123.728 2.56801 1918.67 2.28894e-05 0.000791304 0.000132279 545.871 4079.99 497.89 6 3 3 0.695739 3.29522e-11 0.00098465
2.32 123.715 2.57199 1919.17 2.27005e-05 0.00079239 0.000132492 548.147 4098.27 499.966 6 3 3 0.710826 3.64494e-11 0.0011924
2.33 123.704 2.57442 1919.67 2.25572e-05 0.000793337 0.000132697 550.424 4118.3 502.041 6 3 3 0.736099 4.91891e-11 0.0017581
2.34 123.695 2.57528 1920.19 2.24508e-05 0.000794192 0.000132898 552.699 4140.96 504.118 6 6 3 0.754863 6.60877e-11 0.00257422
2.35 123.688 2.57464 1920.72 2.23698e-05 0.000794999 0.000133102 554.974 4159.24 506.193 6 3 3 0.765231 8.43715e-11 0.00354952
2.36 123.682 2.57265 1921.25 2.23028e-05 0.000795802 0.000133313 557.628 4184.64 508.616 7 6 3 0.812268 1.70967e-11 0.000764883
2.37 123.678 2.56942 1921.77 2.22417e-05 0.000796642 0.000133537 560.281 4211.78 511.038 7 3 3 0.810778 1.94334e-11 0.000905903
2.38 123.675 2.56495 1922.29 2.21824e-05 0.000797558 0.000133776 562.934 4232.8 513.46 7 3 3 0.807664 2.17153e-11 0.00103332
2.39 123.672 2.55944 1922.79 2.21253e-05 0.000798587 0.000134036 565.591 4252.96 515.883 7 3 3 0.802719 2.38203e-11 0.00112955
2.4 123.671 2.55311 1923.29 2.20735e-05 0.00079976 0.000134319 568.245 4282.72 518.306 7 9 3 0.795707 2.56548e-11 0.00118791
2.41 123.67 2.54609 1923.76 2.20316e-05 0.000801107 0.000134626 570.899 4314.21 520.726 7 3 3 0.786527 2.71409e-11 0.00121095
2.42 123.669 2.5386 1924.21 2.20029e-05 0.000802648 0.000134961 573.553 4342.23 523.148 7 8 3 0.774744 2.8172e-11 0.00119849
2.43 123.669 2.53088 1924.64 2.1989e-05 0.0008044 0.000135322 576.209 4365.9 525.569 7 4 3 0.760035 2.86566e-11 0.00115658
2.44 123.669 2.52317 1925.05 2.19884e-05 0.000806373 0.00013571 578.863 4393.91 527.991 7 4 3 0.742196 2.85241e-11 0.00109096
2.45 123.669 2.51571 1925.43 2.19978e-05 0.000808568 0.000136124 581.518 4429.75 530.414 7 6 3 0.721265 2.7752e-11 0.00100735
2.46 123.67 2.50875 1925.78 2.20123e-05 0.000810981 0.000136562 584.172 4457.74 532.838 7 3 3 0.697823 2.64084e-11 0.000913383
2.47 123.67 2.50253 1926.11 2.20269e-05 0.000813599 0.00013702 586.825 4483.98 535.259 7 4 3 0.67311 2.46581e-11 0.000817273
2.48 123.67 2.49728 1926.41 2.20375e-05 0.000816402 0.000137494 589.478 4513.72 537.682 7 4 3 0.649055 2.27515e-11 0.000727643
2.49 123.67 2.49321 1926.68 2.2042e-05 0.000819363 0.000137981 592.131 4539.98 540.104 7 3 3 0.628003 2.09807e-11 0.000652666
2.5 123.669 2.4905 1926.92 2.20396e-05 0.000822451 0.000138476 594.788 4571.49 542.525 7 6 3 0.61211 1.96362e-11 0.000599333
2.51 123.669 2.48931 1927.13 2.20314e-05 0.000825626 0.000138972 597.442 4593.42 544.948 7 4 3 0.602782 1.89832e-11 0.000573821
2.52 123.667 2.48975 1927.32 2.2019e-05 0.000828849 0.000139465 600.095 4623.25 547.37 7 3 3 0.600351 1.92698e-11 0.000582609
2.53 123.666 2.49191 1927.49 2.20046e-05 0.000832075 0.000139947 602.748 4650.46 549.792 7 3 3 0.604192 2.072e-11 0.000633135
2.54 123.664 2.49583 1927.63 2.19893e-05 0.000835258 0.000140414 605.402 4686.37 552.215 7 3 3 0.613073 2.34702e-11 0.000732777
2.55 123.661 2.50151 1927.75 2.1974e-05 0.000838354 0.00014086 608.055 4723.13 554.637 7 7 3 0.625575 2.74024e-11 0.000884245
2.56 123.659 2.50893 1927.85 2.19583e-05 0.000841319 0.000141279 610.708 4751.18 557.059 7 4 3 0.640375 3.18832e-11 0.00107628
2.57 123.656 2.51801 1927.94 2.19414e-05 0.000844111 0.000141666 613.362 4787.13 559.482 7 8 3 0.65645 3.5683e-11 0.00127634
2.58 123.652 2.52866 1928.01 2.19223e-05 0.000846692 0.000142018 616.014 4818.71 561.905 7 6 3 0.673176 3.74738e-11 0.00143976
2.59 123.649 2.54073 1928.07 2.19001e-05 0.00084903 0.000142329 618.667 4848.48 564.328 7 3 3 0.690265 3.65916e-11 0.00153225
2.6 123.645 2.55409 1928.12 2.18743e-05 0.000851097 0.000142598 621.32 4894.83 566.749 7 9 3 0.70766 3.32516e-11 0.00154153
2.61 123.641 2.56856 1928.16 2.18452e-05 0.000852871 0.000142823 623.973 4936.84 569.17 7 14 3 0.725475 2.81509e-11 0.00146976
2.62 123.637 2.58397 1928.19 2.18133e-05 0.000854335 0.000143002 626.627 4972.71 571.592 7 3 3 0.743938 2.20426e-11 0.00132071
2.63 123.633 2.60012 1928.21 2.17799e-05 0.000855481 0.000143135 629.28 5000.73 574.014 7 3 3 0.763481 1.55488e-11 0.00109162
2.64 123.628 2.6168 1928.23 2.17459e-05 0.000856304 0.000143223 631.553 5028.61 576.09 6 7 3 0.841729 7.92884e-11 0.00667129
2.65 123.624 2.63381 1928.24 2.17123e-05 0.000856806 0.000143267 633.828 5052.12 578.168 6 6 3 0.809636 4.41854e-11 0.00456311
2.66 123.619 2.65104 1928.25 2.16797e-05 0.000856997 0.000143268 635.724 5087.74 579.899 5 6 3 0.88058 9.82602e-11 0.0125938
2.67 123.614 2.66823 1928.26 2.16485e-05 0.000856888 0.000143231 637.619 5111.08 581.631 5 4 3 0.591978 3.56082e-11 0.00567333
2.68 123.61 2.68506 1928.26 2.16184e-05 0.000856498 0.000143157 639.514 5136.22 583.362 5 5 3 0.709593 7.66034e-11 0.0143544
2.69 123.605 2.70175 1928.26 2.15894e-05 0.000855848 0.000143051 641.409 5164.02 585.092 5 4 3 0.607425 8.45298e-11 0.0164331
2.7 123.601 2.71768 1928.26 2.15609e-05 0.000854965 0.000142918 643.305 5198.85 586.822 5 3 3 0.602383 6.40061e-11 0.0116167
2.71 123.597 2.73278 1928.26 2.15329e-05 0.000853877 0.000142761 645.2 5237.13 588.552 5 5 3 0.600758 4.59079e-11 0.00744303
2.72 123.592 2.74727 1928.27 2.1505e-05 0.000852614 0.000142585 647.096 5265.75 590.282 5 4 3 0.600256 5.4322e-11 0.00802532
2.73 123.588 2.76061 1928.27 2.14777e-05 0.000851209 0.000142396 648.992 5302.27 592.013 5 15 3 0.600078 8.36877e-11 0.0111535
2.74 123.584 2.77298 1928.27 2.1451e-05 0.000849697 0.000142199 651.644 5368.67 594.437 7 4 3 0.708448 4.54207e-11 0.00565442
2.75 123.58 2.78389 1928.27 2.14252e-05 0.00084811 0.000141997 654.298 5407.13 596.857 7 5 3 0.726754 4.07629e-11 0.00474796
2.76 123.576 2.79372 1928.27 2.14005e-05 0.000846484 0.000141797 656.951 5450.03 599.275 7 3 3 0.742212 3.74515e-11 0.00429552
2.77 123.573 2.80244 1928.27 2.13771e-05 0.000844852 0.000141602 659.605 5485.09 601.695 7 5 3 0.755398 3.39784e-11 0.00390555
2.78 123.569 2.80954 1928.28 2.13549e-05 0.000843248 0.000141418 662.26 5548.89 604.122 7 16 3 0.766601 2.98581e-11 0.00338586
2.79 123.565 2.81552 1928.28 2.13339e-05 0.000841702 0.000141247 664.912 5603.11 606.542 7 3 3 0.77678 2.54862e-11 0.00298289
2.8 123.562 2.8202 1928.28 2.13137e-05 0.000840244 0.000141093 667.565 5654.59 608.961 7 4 3 0.786278 2.04006e-11 0.00245844
2.81 123.559 2.82362 1928.28 2.12943e-05 0.000838901 0.00014096 670.218 5699.09 611.38 7 3 3 0.795946 1.46915e-11 0.00183284
2.82 123.555 2.82595 1928.29 2.12751e-05 0.000837696 0.000140849 672.871 5747.96 613.799 7 9 3 0.807512 8.42645e-12 0.00109659
2.83 123.552 2.82724 1928.29 2.12563e-05 0.000836651 0.000140764 675.144 5855.18 615.872 6 8 3 0.798875 7.02244e-11 0.00944349
2.84 123.549 2.82761 1928.29 2.12375e-05 0.000835782 0.000140705 677.417 5887.48 617.946 6 4 3 0.765568 3.16743e-11 0.00434007
2.85 123.546 2.82717 1928.3 2.1219e-05 0.000835103 0.000140673 679.693 5921.39 620.019 6 3 3 0.714383 1.98169e-11 0.0027185
2.86 123.543 2.82616 1928.3 2.12006e-05 0.000834621 0.000140668 681.588 5941.29 621.747 5 4 3 0.829537 6.02147e-11 0.00807744
2.87 123.541 2.82482 1928.3 2.11825e-05 0.000834343 0.00014069 683.862 5991.81 623.821 6 18 3 0.804114 1.66359e-11 0.00212472
2.88 123.538 2.82304 1928.31 2.11645e-05 0.000834266 0.000140737 686.135 6033.56 625.894 6 8 3 0.791762 2.7194e-11 0.00327509
2.89 123.535 2.8212 1928.31 2.1147e-05 0.000834387 0.000140809 688.408 6062.26 627.968 6 5 3 0.789712 4.3237e-11 0.00485981
2.9 123.533 2.81951 1928.31 2.11298e-05 0.000834697 0.000140903 690.681 6104.95 630.042 6 3 3 0.787423 5.99106e-11 0.00626953
2.91 123.53 2.81797 1928.31 2.11128e-05 0.000835182 0.000141017 692.955 6167.66 632.116 6 17 3 0.78317 6.59972e-11 0.00650289
2.92 123.528 2.81689 1928.31 2.10961e-05 0.000835826 0.000141146 695.228 6263.38 634.189 6 34 3 0.776527 6.38826e-11 0.0059453
2.93 123.525 2.81637 1928.31 2.10796e-05 0.000836608 0.00014129 697.502 6307.85 636.262 6 9 3 0.768205 5.72714e-11 0.0050998
2.94 123.523 2.81651 1928.31 2.10633e-05 0.000837505 0.000141442 699.775 6340.11 638.339 6 5 3 0.758663 4.89232e-11 0.00422305
2.95 123.521 2.81745 1928.31 2.10472e-05 0.00083849 0.000141601 702.049 6372.31 640.413 6 9 3 0.74872 4.08646e-11 0.00346098
2.96 123.518 2.81926 1928.31 2.10313e-05 0.000839537 0.000141762 704.323 6423.68 642.487 6 20 3 0.740664 3.4872e-11 0.00294207
2.97 123.516 2.82207 1928.31 2.10158e-05 0.000840617 0.000141921 706.218 6474.91 644.214 5 5 3 0.598014 8.35965e-11 0.0071316
2.98 123.514 2.8257 1928.31 2.10006e-05 0.0008417 0.000142074 708.112 6513.08 645.943 5 6 3 0.596785 6.89544e-11 0.00608426
2.99 123.512 2.83036 1928.31 2.0986e-05 0.000842759 0.000142218 710.007 6547.72 647.67 5 7 3 0.595781 6.21995e-11 0.00572543
3 123.51 2.83605 1928.31 2.09717e-05 0.000843766 0.000142349 711.901 6605.94 649.397 5 12 3 0.595082 6.36785e-11 0.00622345
3.01 123.508 2.84254 1928.3 2.09581e-05 0.000844694 0.000142465 713.796 6638.99 651.124 5 15 3 0.594866 6.9482e-11 0.00744124
3.02 123.506 2.84997 1928.3 2.0945e-05 0.000845519 0.000142562 715.691 6692.94 652.853 5 4 3 0.595173 7.70213e-11 0.00915769
3.03 123.504 2.85817 1928.3 2.09325e-05 0.000846221 0.000142639 717.585 6726.74 654.58 5 4 3 0.597108 8.29834e-11 0.0113272
3.04 123.502 2.86705 1928.3 2.09205e-05 0.00084678 0.000142693 719.479 6815.54 656.307 5 17 3 0.604259 8.57248e-11 0.0139222
3.05 123.5 2.87654 1928.29 2.09091e-05 0.000847183 0.000142723 721.373 6898.19 658.034 5 5 3 0.636506 8.54331e-11 0.0171365
3.06 123.498 2.88648 1928.29 2.08982e-05 0.000847419 0.000142729 723.267 6944.31 659.762 5 6 3 0.790151 7.8269e-11 0.0203142
3.07 123.497 2.89682 1928.28 2.08879e-05 0.00084748 0.00014271 725.162 6973.81 661.49 5 7 3 0.816854 2.92285e-11 0.00995959
3.08 123.495 2.90736 1928.28 2.0878e-05 0.000847362 0.000142666 727.435 7035.77 663.562 6 8 3 0.791776 2.91986e-11 0.0116839
3.09 123.493 2.91796 1928.28 2.08687e-05 0.000847068 0.000142599 729.709 7119.49 665.635 6 43 3 0.787347 4.48346e-11 0.0158765
3.1 123.491 2.92854 1928.27 2.08598e-05 0.0008466 0.00014251 731.983 7190.05 667.709 6 5 3 0.770335 4.19691e-11 0.0116162
3.11 123.49 2.93892 1928.27 2.08515e-05 0.000845967 0.0001424 734.258 7253.65 669.782 6 13 3 0.752998 3.73249e-11 0.00811192
3.12 123.488 2.94893 1928.26 2.08435e-05 0.000845179 0.000142271 736.153 7314.64 671.51 5 14 3 0.602924 9.14063e-11 0.0163433
3.13 123.487 2.9586 1928.26 2.08361e-05 0.000844252 0.000142126 738.048 7376.53 673.236 5 13 3 0.601251 7.93818e-11 0.0122497
3.14 123.485 2.96774 1928.25 2.08289e-05 0.0008432 0.000141968 739.942 7461.71 674.965 5 9 3 0.600099 7.00251e-11 0.00960798
3.15 123.483 2.97624 1928.25 2.08221e-05 0.000842043 0.000141799 741.837 7514.69 676.692 5 33 3 0.599324 6.65991e-11 0.00833291
3.16 123.482 2.98409 1928.25 2.08154e-05 0.000840802 0.000141623 743.732 7644.2 678.421 5 35 3 0.598862 6.99259e-11 0.00820905
3.17 123.481 2.99114 1928.24 2.0809e-05 0.000839497 0.000141443 745.627 7697.27 680.149 5 17 3 0.598578 7.968e-11 0.00892275
3.18 123.479 2.99737 1928.24 2.08027e-05 0.000838152 0.000141261 747.52 7797.51 681.875 5 50 3 0.598492 9.33252e-11 0.0101671
3.19 123.478 3.00284 1928.23 2.07965e-05 0.000836788 0.000141081 750.172 7992.43 684.293 7 14 3 0.699515 3.3094e-11 0.00356847
3.2 123.476 3.0071 1928.23 2.07903e-05 0.000835429 0.000140907 752.824 8133.07 686.711 7 3 3 0.71499 3.10906e-11 0.00329648
3.21 123.475 3.01071 1928.22 2.07842e-05 0.000834096 0.00014074 755.477 8265.68 689.13 7 42 3 0.729445 2.90475e-11 0.0031942
3.22 123.474 3.01361 1928.22 2.07779e-05 0.000832809 0.000140583 758.131 8424.52 691.55 7 15 3 0.742775 2.62782e-11 0.00302176
3.23 123.473 3.01534 1928.22 2.07717e-05 0.00083159 0.000140439 760.785 8595.64 693.969 7 10 3 0.75471 2.28566e-11 0.00269303
3.24 123.471 3.01646 1928.21 2.07652e-05 0.000830455 0.00014031 763.438 8714.11 696.387 7 40 3 0.765997 1.95308e-11 0.00247937
3.25 123.47 3.01679 1928.21 2.07587e-05 0.00082942 0.000140197 766.091 8949.91 698.806 7 50 3 0.776603 1.58422e-11 0.00215658
3.26 123.469 3.01638 1928.2 2.0752e-05 0.0008285 0.000140102 768.743 9203.83 701.225 7 38 3 0.786976 1.19603e-11 0.00176154
3.27 123.468 3.01545 1928.2 2.07451e-05 0.000827703 0.000140025 771.017 9388.81 703.298 6 37 3 0.84028 8.33514e-11 0.013493
3.28 123.467 3.01399 1928.2 2.07379e-05 0.00082704 0.000139968 773.291 9558.74 705.372 6 41 3 0.818291 5.83937e-11 0.0103545
3.29 123.466 3.01203 1928.19 2.07305e-05 0.000826515 0.000139929 775.565 9654.11 707.445 6 4 3 0.792593 2.86134e-11 0.00551173
3.3 123.465 3.00978 1928.19 2.07229e-05 0.000826131 0.000139909 777.836 9830.61 709.516 6 19 3 0.756619 1.26976e-11 0.00263219
3.31 123.464 3.00738 1928.18 2.07151e-05 0.000825888 0.000139908 779.728 9917.72 711.241 5 14 3 0.825852 4.22266e-11 0.00914673
3.32 123.463 3.00492 1928.18 2.07069e-05 0.000825782 0.000139923 781.62 10055.9 712.965 5 18 3 0.823167 5.14497e-11 0.0112398
3.33 123.462 3.00238 1928.18 2.06986e-05 0.000825807 0.000139954 783.889 10258.9 715.035 6 50 3 0.804879 1.15564e-11 0.00247381
3.34 123.461 2.99998 1928.17 2.069e-05 0.000825954 0.00014 786.159 10399.8 717.105 6 42 3 0.793204 2.30216e-11 0.00475057
3.35 123.46 2.99787 1928.17 2.06813e-05 0.000826213 0.000140057 788.444 10526.2 719.175 6 16 3 0.786611 3.06468e-11 0.00601553
3.36 123.459 2.99602 1928.17 2.06722e-05 0.000826571 0.000140124 790.335 10744.8 720.899 5 50 3 0.618322 9.17555e-11 0.0172624
3.37 123.458 2.99455 1928.16 2.06631e-05 0.000827013 0.000140199 792.226 10950.5 722.625 5 50 3 0.60838 7.77342e-11 0.0140917
3.38 123.457 2.99362 1928.16 2.06537e-05 0.000827522 0.000140279 794.12 11169.6 724.353 5 50 3 0.60284 6.2354e-11 0.0110199
3.39 123.456 2.99322 1928.15 2.06443e-05 0.000828081 0.000140362 796.012 11335.9 726.078 5 33 3 0.599678 4.75834e-11 0.00835515
3.4 123.455 2.99335 1928.15 2.06347e-05 0.000828672 0.000140445 797.903 11497 727.803 5 50 3 0.597817 3.59475e-11 0.00637035
3.41 123.455 2.99413 1928.15 2.0625e-05 0.000829276 0.000140526 799.796 11665.5 729.531 5 30 3 0.596679 3.09678e-11 0.00561787
3.42 123.454 2.99552 1928.14 2.06153e-05 0.000829874 0.000140602 801.69 11884.6 731.259 5 50 3 0.596231 3.472e-11 0.00659787
3.43 123.453 2.99754 1928.14 2.06055e-05 0.00083045 0.000140671 803.585 12051.3 732.987 5 14 3 0.596522 4.36109e-11 0.0088691
3.44 123.452 3.00018 1928.14 2.05958e-05 0.000830984 0.000140732 805.478 12238.1 734.713 5 50 3 0.597977 5.36257e-11 0.0119461
3.45 123.452 3.0034 1928.13 2.05861e-05 0.000831462 0.000140782 807.372 12440.4 736.44 5 31 3 0.601935 6.2648e-11 0.0157441
3.46 123.451 3.00718 1928.13 2.05765e-05 0.00083187 0.000140819 809.28 12659.4 738.168 5 50 3 0.612578 6.96479e-11 0.0203693
3.47 123.45 3.01145 1928.13 2.0567e-05 0.000832193 0.000140844 811.174 12878.3 739.894 5 50 3 0.646261 7.44387e-11 0.0261838
3.48 123.449 3.01614 1928.12 2.05576e-05 0.000832423 0.000140853 813.068 13097.3 741.62 5 50 3 0.752729 7.04864e-11 0.030472
3.49 123.449 3.02125 1928.12 2.05484e-05 0.00083255 0.000140848 814.962 13316.3 743.347 5 50 3 0.831231 2.16422e-11 0.0111368
3.5 123.448 3.02667 1928.11 2.05393e-05 0.000832568 0.000140827 816.836 13495.6 745.055 5 17 3 0.752687 9.18711e-11 0.0489377
3.51 123.447 3.03228 1928.11 2.05306e-05 0.000832474 0.00014079 819.049 13742.3 747.074 6 39 3 0.787252 2.83284e-11 0.0128806
3.52 123.447 3.03788 1928.11 2.0522e-05 0.000832268 0.000140739 821.261 13998.2 749.091 6 50 3 0.784142 3.40854e-11 0.0123216
3.53 123.446 3.04358 1928.1 2.05137e-05 0.00083195 0.000140673 823.105 14211.7 750.772 5 50 3 0.613786 9.85312e-11 0.0291587
3.54 123.445 3.04931 1928.1 2.05056e-05 0.000831524 0.000140594 824.949 14368.2 752.453 5 50 3 0.60817 9.18204e-11 0.0227565
3.55 123.445 3.05477 1928.1 2.04979e-05 0.000830996 0.000140503 826.794 14581.6 754.135 5 50 3 0.604471 8.26502e-11 0.0174801
3.56 123.444 3.06004 1928.09 2.04904e-05 0.000830374 0.000140401 828.638 14793.3 755.816 5 48 3 0.602225 7.36543e-11 0.013888
3.57 123.443 3.06505 1928.09 2.04833e-05 0.000829669 0.000140289 830.482 15006.7 757.497 5 50 3 0.600739 6.5287e-11 0.0112038
3.58 123.443 3.06965 1928.09 2.04763e-05 0.000828892 0.000140171 832.327 15212.3 759.177 5 50 3 0.599625 5.79616e-11 0.00919826
3.59 123.442 3.07384 1928.08 2.04697e-05 0.000828055 0.000140047 834.171 15413.1 760.858 5 50 3 0.598857 5.31376e-11 0.00798682
3.6 123.442 3.07755 1928.08 2.04634e-05 0.000827173 0.000139921 836.015 15591 762.539 5 50 3 0.598305 5.18656e-11 0.00749593
3.61 123.441 3.08074 1928.08 2.04573e-05 0.00082626 0.000139793 837.859 15804.6 764.219 5 50 3 0.597929 5.4416e-11 0.00767656
3.62 123.441 3.08339 1928.08 2.04513e-05 0.00082533 0.000139666 839.704 16000.3 765.902 5 50 3 0.597722 5.99869e-11 0.00839132
3.63 123.44 3.08547 1928.07 2.04457e-05 0.0008244 0.000139542 841.606 16218.3 767.632 5 50 3 0.597664 6.73745e-11 0.00947028
3.64 123.44 3.08698 1928.07 2.04401e-05 0.000823483 0.000139422 843.717 16423.5 769.559 5 50 3 0.597774 7.54109e-11 0.0107981
3.65 123.439 3.08792 1928.07 2.04348e-05 0.000822595 0.000139309 845.828 16660.4 771.488 5 50 3 0.598087 8.32214e-11 0.0123043
3.66 123.439 3.08831 1928.07 2.04294e-05 0.000821747 0.000139205 847.945 16867.9 773.418 5 40 3 0.598664 9.01678e-11 0.0139462
3.67 123.438 3.08818 1928.06 2.04242e-05 0.000820953 0.000139109 850.058 17112.6 775.346 5 50 3 0.599626 9.57669e-11 0.0157038
3.68 123.438 3.08755 1928.06 2.04189e-05 0.000820224 0.000139025 852.171 17357 777.271 5 50 3 0.601194 9.96411e-11 0.0175537
3.69 123.437 3.08654 1928.06 2.04137e-05 0.000819568 0.000138952 854.702 17617.9 779.583 6 50 3 0.886803 7.06605e-11 0.0135487
3.7 123.437 3.08497 1928.06 2.04083e-05 0.000818994 0.000138891 857.238 17911.4 781.9 6 50 3 0.867311 6.20635e-11 0.0129246
3.71 123.436 3.08312 1928.05 2.04029e-05 0.000818508 0.000138843 859.348 18155.8 783.826 5 50 3 0.617077 9.77299e-11 0.0229366
3.72 123.436 3.08123 1928.05 2.03973e-05 0.000818113 0.000138808 861.457 18399.8 785.752 5 50 3 0.638914 9.31457e-11 0.0250065
3.73 123.436 3.07889 1928.05 2.03915e-05 0.000817811 0.000138785 863.569 18635.4 787.68 5 50 3 0.687231 8.46962e-11 0.0248
3.74 123.435 3.07642 1928.05 2.03855e-05 0.000817604 0.000138775 865.681 18879.9 789.607 5 50 3 0.788434 6.52418e-11 0.0214194
3.75 123.435 3.07399 1928.04 2.03792e-05 0.000817489 0.000138776 867.792 19124.5 791.532 5 50 3 0.825976 2.18956e-11 0.00783671
3.76 123.435 3.07148 1928.04 2.03726e-05 0.000817462 0.000138788 869.902 19369.3 793.457 5 50 3 0.809687 2.75805e-11 0.0102538
3.77 123.434 3.06911 1928.04 2.03658e-05 0.000817518 0.000138809 872.012 19576.7 794.741 5 50 2 0.777933 6.01395e-11 0.0223629
3.78 123.434 3.06686 1928.04 2.03585e-05 0.00081765 0.000138839 874.123 19821 796.028 5 50 2 0.663277 5.63504e-11 0.0204027
3.79 123.433 3.06483 1928.04 2.03508e-05 0.00081785 0.000138876 876.235 20065.3 797.312 5 50 2 0.622139 4.96082e-11 0.01728
3.8 123.433 3.06309 1928.04 2.03428e-05 0.000818108 0.000138919 878.345 20309.8 798.596 5 50 2 0.608038 4.12847e-11 0.0137709
3.81 123.433 3.06163 1928.03 2.03343e-05 0.000818415 0.000138966 880.431 20506.6 799.865 5 50 2 0.60206 3.19363e-11 0.0103545
3.82 123.432 3.06053 1928.03 2.03254e-05 0.000818757 0.000139015 882.508 20746 801.752 5 50 3 0.59904 2.30558e-11 0.00732742
3.83 123.432 3.05981 1928.03 2.0316e-05 0.000819124 0.000139064 884.584 20936.8 803.642 5 50 3 0.59748 1.76294e-11 0.00557938
3.84 123.432 3.05949 1928.03 2.03062e-05 0.000819504 0.000139113 886.638 21162.2 805.51 5 50 3 0.596861 1.92159e-11 0.00617381
3.85 123.432 3.05959 1928.03 2.02959e-05 0.000819884 0.00013916 888.673 21398.2 807.368 5 50 3 0.597046 2.60259e-11 0.00863474
3.86 123.431 3.06011 1928.02 2.02851e-05 0.000820253 0.000139202 890.711 21570.2 809.234 5 50 3 0.598295 3.41944e-11 0.0119462
3.87 123.431 3.06104 1928.02 2.02738e-05 0.000820599 0.000139239 892.75 21698.1 811.098 5 35 3 0.601444 4.18721e-11 0.0156993
3.88 123.431 3.06238 1928.02 2.02619e-05 0.000820912 0.00013927 894.791 21783.4 812.962 5 13 3 0.609005 4.81047e-11 0.0196693
3.89 123.43 3.06409 1928.02 2.02496e-05 0.000821182 0.000139293 896.836 21884.8 814.824 5 50 3 0.629867 5.22914e-11 0.0235569
3.9 123.43 3.06615 1928.02 2.02368e-05 0.000821401 0.000139307 898.877 21992.9 816.682 5 14 3 0.699621 5.41495e-11 0.0267318
3.91 123.43 3.06853 1928.02 2.02234e-05 0.00082156 0.000139313 900.924 22063.5 818.544 5 11 3 0.825291 3.35921e-11 0.0176097
3.92 123.429 3.07121 1928.01 2.02095e-05 0.000821655 0.000139309 902.964 22131.2 820.406 5 8 3 0.823723 1.52503e-11 0.00800928
3.93 123.429 3.07408 1928.01 2.01952e-05 0.000821681 0.000139295 904.999 22174.3 822.266 5 12 3 0.798038 5.28089e-11 0.0258443
3.94 123.429 3.07713 1928.01 2.01802e-05 0.000821635 0.000139271 907.039 22243.9 824.126 5 7 3 0.685915 6.67069e-11 0.028848
3.95 123.429 3.08029 1928.01 2.01648e-05 0.000821516 0.000139237 909.078 22280.5 825.987 5 7 3 0.638194 6.8528e-11 0.0257709
3.96 123.428 3.08346 1928.01 2.01489e-05 0.000821323 0.000139194 911.122 22338.7 827.726 5 22 3 0.619666 6.75619e-11 0.0220772
3.97 123.428 3.08664 1928.01 2.01325e-05 0.00082106 0.000139142 913.158 22384.7 829.459 5 21 3 0.610993 6.4822e-11 0.0187211
3.98 123.428 3.08977 1928 2.01156e-05 0.00082073 0.000139081 915.196 22440.9 830.702 5 4 2 0.606123 6.06949e-11 0.015706
3.99 123.428 3.09277 1928 2.00982e-05 0.000820337 0.000139014 917.238 22476.4 832.437 5 6 3 0.603065 5.5648e-11 0.0131017
4 123.427 3.0956 1928 2.00804e-05 0.000819887 0.000138941 919.28 22537.3 834.171 5 5 3 0.601018 5.01983e-11 0.0109376
4.01 123.427 3.09823 1928 2.00622e-05 0.000819387 0.000138862 921.317 22573.7 836.029 5 8 3 0.599563 4.48579e-11 0.00917536
4.02 123.427 3.10059 1928 2.00435e-05 0.000818846 0.00013878 923.357 22633.8 837.889 5 10 3 0.598496 4.02607e-11 0.00783963
4.03 123.427 3.10266 1928 2.00244e-05 0.000818273 0.000138695 925.393 22687.2 839.75 5 13 3 0.597697 3.70968e-11 0.00696911
4.04 123.427 3.10441 1927.99 2.0005e-05 0.000817676 0.000138609 927.43 22724.6 841.609 5 7 3 0.597091 3.59345e-11 0.00659314
4.05 123.426 3.10581 1927.99 1.99852e-05 0.000817066 0.000138524 929.467 22759.1 843.471 5 11 3 0.596639 3.69031e-11 0.00669193
4.06 123.426 3.10685 1927.99 1.9965e-05 0.000816452 0.00013844 931.503 22783.4 845.331 5 3 3 0.596317 3.95914e-11 0.00717649
4.07 123.426 3.10753 1927.99 1.99446e-05 0.000815844 0.000138359 933.538 22821.7 847.188 5 7 3 0.596116 4.329e-11 0.0079293
4.08 123.426 3.10784 1927.99 1.99238e-05 0.000815252 0.000138282 935.575 22840.3 849.047 5 3 3 0.596044 4.72884e-11 0.00884504
4.09 123.426 3.10779 1927.99 1.99029e-05 0.000814684 0.000138209 937.615 22880.6 850.91 5 7 3 0.596127 5.10102e-11 0.00984179
4.1 123.425 3.1074 1927.99 1.98816e-05 0.000814149 0.000138143 939.655 22908.7 852.77 5 12 3 0.596427 5.40073e-11 0.0108518
4.11 123.425 3.10668 1927.99 1.98603e-05 0.000813655 0.000138084 941.692 22948 854.629 5 15 3 0.597077 5.59251e-11 0.0118079
4.12 123.425 3.10567 1927.99 1.98387e-05 0.000813208 0.000138032 943.732 22967.6 856.487 5 5 3 0.598381 5.64663e-11 0.0126281
4.13 123.425 3.10439 1927.98 1.9817e-05 0.000812813 0.000137989 945.771 22991.8 858.347 5 8 3 0.601131 5.53837e-11 0.0132065
4.14 123.425 3.1029 1927.98 1.97953e-05 0.000812475 0.000137953 947.81 23016.1 860.21 5 6 3 0.607844 5.25759e-11 0.0134287
4.15 123.425 3.10121 1927.98 1.97735e-05 0.000812196 0.000137926 949.848 23064.8 862.07 5 8 3 0.629458 4.87882e-11 0.013371
4.16 123.424 3.0994 1927.98 1.97517e-05 0.00081198 0.000137908 951.887 23116.5 863.933 5 11 3 0.734329 5.05572e-11 0.0148375
4.17 123.424 3.09747 1927.98 1.973e-05 0.000811825 0.000137897 953.923 23153.9 865.791 5 12 3 0.859022 3.96633e-11 0.0123867
4.18 123.424 3.0955 1927.98 1.97083e-05 0.000811732 0.000137895 955.552 23195.8 867.277 4 19 3 0.742526 8.99172e-11 0.0295991
4.19 123.424 3.09362 1927.98 1.96868e-05 0.000811698 0.000137899 957.187 23230.2 868.641 4 3 3 0.818408 5.83266e-11 0.0199886
4.2 123.424 3.09152 1927.98 1.96654e-05 0.00081172 0.000137911 959.222 23251.6 870.377 5 3 3 0.613787 1.23938e-11 0.00433174
4.21 123.424 3.0898 1927.98 1.96443e-05 0.000811794 0.000137928 960.851 23306.7 871.369 4 14 2 0.628367 9.56172e-11 0.03381
4.22 123.424 3.08799 1927.98 1.96234e-05 0.000811914 0.00013795 962.486 23331.8 872.363 4 7 2 0.61568 6.93264e-11 0.0245695
4.23 123.423 3.08654 1927.98 1.96028e-05 0.000812075 0.000137976 964.523 23364.5 873.605 5 3 2 0.614398 1.76979e-11 0.00619656
4.24 123.423 3.08539 1927.97 1.95826e-05 0.00081227 0.000138006 966.562 23412.1 875.339 5 14 3 0.593524 1.51297e-11 0.00527012
4.25 123.423 3.08407 1927.97 1.95627e-05 0.000812491 0.000138037 968.602 23462.6 877.076 5 5 3 0.590222 1.26055e-11 0.00455604
4.26 123.423 3.08335 1927.97 1.95433e-05 0.000812731 0.000138069 970.646 23517 878.816 5 3 3 0.589459 1.25408e-11 0.00439987
4.27 123.423 3.08277 1927.97 1.95243e-05 0.000812981 0.000138101 972.682 23555.4 880.673 5 11 3 0.589825 1.44437e-11 0.00525042
4.28 123.423 3.08244 1927.97 1.95057e-05 0.000813234 0.000138131 974.718 23589 882.533 5 5 3 0.590883 1.80857e-11 0.00679697
4.29 123.423 3.08246 1927.97 1.94878e-05 0.000813483 0.000138159 976.761 23645.1 884.396 5 9 3 0.593092 2.22535e-11 0.00861643
4.3 123.423 3.08271 1927.97 1.94703e-05 0.000813718 0.000138184 978.808 23710.6 886.256 5 11 3 0.598793 2.58891e-11 0.0106266
4.31 123.422 3.08324 1927.97 1.94534e-05 0.000813934 0.000138205 980.852 23754.6 888.115 5 7 3 0.614474 2.8832e-11 0.0125548
4.32 123.422 3.08405 1927.97 1.9437e-05 0.000814124 0.000138222 982.888 23783.5 889.973 5 4 3 0.672426 3.2564e-11 0.0151409
4.33 123.422 3.0851 1927.97 1.94213e-05 0.000814282 0.000138233 984.517 23803 891.463 4 6 3 0.657159 8.8849e-11 0.0442755
4.34 123.422 3.0864 1927.97 1.94062e-05 0.000814403 0.000138238 986.147 23845.8 892.95 4 5 3 0.731724 8.75527e-11 0.0459098
4.35 123.422 3.08776 1927.97 1.93917e-05 0.000814482 0.000138237 987.775 23903.7 894.44 4 9 3 0.832508 8.9205e-11 0.049221
4.36 123.422 3.08944 1927.97 1.93777e-05 0.000814517 0.000138229 989.815 23984.4 896.299 5 9 3 0.783165 1.83029e-11 0.0101762
4.37 123.422 3.09117 1927.96 1.93645e-05 0.000814506 0.000138215 991.861 24066.1 898.037 5 22 3 0.757485 4.14191e-11 0.0221757
4.38 123.422 3.09293 1927.96 1.93517e-05 0.000814447 0.000138195 993.897 24141.9 899.774 5 23 3 0.659933 4.45383e-11 0.0222542
4.39 123.422 3.09487 1927.96 1.93397e-05 0.00081434 0.000138169 995.932 24197.1 901.014 5 19 2 0.629199 4.60225e-11 0.0215644
4.4 123.421 3.09671 1927.96 1.93282e-05 0.000814186 0.000138136 997.976 24296.6 902.255 5 20 2 0.615214 4.52374e-11 0.0191552
4.41 123.421 3.09856 1927.96 1.93173e-05 0.000813987 0.000138098 1000.02 24344.5 903.498 5 14 2 0.608741 4.34021e-11 0.0170002
4.42 123.421 3.10036 1927.96 1.93069e-05 0.000813747 0.000138056 1002.06 24456.7 904.742 5 23 2 0.604911 4.05035e-11 0.0147254
4.43 123.421 3.10205 1927.96 1.92971e-05 0.000813468 0.000138009 1004.09 24615.9 905.985 5 10 2 0.60237 3.68903e-11 0.0124954
4.44 123.421 3.10362 1927.96 1.92878e-05 0.000813155 0.000137958 1006.13 24729.2 907.227 5 34 2 0.600678 3.30868e-11 0.0106312
4.45 123.421 3.10504 1927.96 1.92791e-05 0.000812813 0.000137905 1008.18 24918.1 908.97 5 48 3 0.599443 2.93936e-11 0.00903921
4.46 123.421 3.10627 1927.96 1.92707e-05 0.000812448 0.00013785 1010.21 25054.1 910.827 5 6 3 0.598531 2.62789e-11 0.00782681
4.47 123.421 3.1073 1927.96 1.92629e-05 0.000812067 0.000137794 1012.25 25209.6 912.686 5 50 3 0.597864 2.42002e-11 0.00707388
4.48 123.421 3.10811 1927.96 1.92555e-05 0.000811674 0.000137739 1014.29 25434.9 914.546 5 50 3 0.597368 2.35238e-11 0.00682248
4.49 123.421 3.10869 1927.96 1.92484e-05 0.000811277 0.000137683 1016.33 25630.1 916.407 5 50 3 0.597027 2.42676e-11 0.00706909
4.5 123.421 3.10904 1927.96 1.92417e-05 0.000810882 0.00013763 1018.37 25860.3 918.267 5 50 3 0.596824 2.61063e-11 0.00773056
4.51 123.42 3.10915 1927.96 1.92354e-05 0.000810496 0.000137579 1020.41 26085.6 920.132 5 50 3 0.596761 2.85512e-11 0.00869637
4.52 123.42 3.10902 1927.96 1.92294e-05 0.000810123 0.000137531 1022.45 26320.9 921.988 5 50 3 0.596861 3.11399e-11 0.00987802
4.53 123.42 3.10867 1927.95 1.92237e-05 0.000809771 0.000137487 1024.5 26556.4 923.846 5 50 3 0.597169 3.3518e-11 0.0112126
4.54 123.42 3.10811 1927.95 1.92182e-05 0.000809444 0.000137447 1026.54 26792 925.711 5 50 3 0.597774 3.54237e-11 0.0126592
4.55 123.42 3.10734 1927.95 1.9213e-05 0.000809147 0.000137412 1028.58 27027.3 927.574 5 50 3 0.598855 3.66611e-11 0.0141847
4.56 123.42 3.10641 1927.95 1.9208e-05 0.000808883 0.000137382 1030.62 27263.1 929.434 5 50 3 0.600777 3.70768e-11 0.0157454
4.57 123.42 3.10532 1927.95 1.92033e-05 0.000808655 0.000137358 1032.66 27498.5 931.295 5 50 3 0.604388 3.65469e-11 0.0172697
4.58 123.42 3.1041 1927.95 1.91986e-05 0.000808467 0.000137339 1034.7 27734.4 933.159 5 50 3 0.611964 3.49871e-11 0.0186362
4.59 123.42 3.10279 1927.95 1.91943e-05 0.000808318 0.000137326 1036.73 27970 934.898 5 50 3 0.630945 3.24723e-11 0.0197045
4.6 123.42 3.10141 1927.95 1.919e-05 0.000808211 0.000137318 1038.78 28206.2 936.139 5 50 2 0.689767 2.9604e-11 0.0205698
4.61 123.42 3.09997 1927.95 1.91859e-05 0.000808144 0.000137315 1040.4 28394.9 937.131 4 50 2 0.709313 8.61908e-11 0.0682263
4.62 123.42 3.09848 1927.95 1.91819e-05 0.000808117 0.000137317 1042.04 28583.3 938.124 4 50 2 0.831135 7.80406e-11 0.0672948
4.63 123.42 3.09713 1927.95 1.91781e-05 0.000808127 0.000137324 1043.67 28771.9 939.118 4 50 2 0.688942 6.55615e-11 0.0626411
4.64 123.42 3.0958 1927.95 1.91744e-05 0.000808172 0.000137335 1045.3 28960.1 940.112 4 50 2 0.628979 8.75702e-11 0.0848274
4.65 123.42 3.09468 1927.95 1.91709e-05 0.000808249 0.000137349 1047.33 29194.8 941.35 5 50 2 0.624842 1.88533e-11 0.017025
4.66 123.42 3.09336 1927.95 1.91675e-05 0.000808354 0.000137366 1049.37 29429.3 942.59 5 50 2 0.608821 1.62899e-11 0.0158601
4.67 123.42 3.09225 1927.95 1.91642e-05 0.000808482 0.000137386 1051.4 29664.2 943.829 5 50 2 0.602302 1.22698e-11 0.0111093
4.68 123.42 3.09155 1927.95 1.91611e-05 0.000808629 0.000137407 1053.43 29898.8 945.067 5 50 2 0.598849 8.71089e-12 0.00688066
4.69 123.419 3.09072 1927.95 1.91581e-05 0.000808791 0.000137428 1055.46 30133.4 946.306 5 50 2 0.598768 6.56669e-12 0.00577152
4.7 123.419 3.09021 1927.95 1.91552e-05 0.00080896 0.00013745 1057.52 30370.8 947.557 5 50 2 0.598064 8.93402e-12 0.00740376
4.71 123.419 3.08987 1927.95 1.91524e-05 0.000809134 0.000137471 1059.58 30609 948.814 5 50 2 0.598629 1.27966e-11 0.0108558
4.72 123.419 3.08967 1927.95 1.91498e-05 0.000809305 0.000137491 1061.64 30847 950.068 5 50 2 0.600399 1.70951e-11 0.0156314
4.73 123.419 3.0897 1927.95 1.91474e-05 0.00080947 0.000137509 1063.7 31084.9 951.322 5 50 2 0.603197 2.11695e-11 0.0202846
4.74 123.419 3.0899 1927.95 1.91451e-05 0.000809623 0.000137524 1065.76 31323.3 952.579 5 50 2 0.609233 2.49115e-11 0.0266257
4.75 123.419 3.09027 1927.95 1.91429e-05 0.00080976 0.000137537 1067.82 31561.9 953.836 5 50 2 0.6217 2.80659e-11 0.0341203
4.76 123.419 3.0908 1927.95 1.91409e-05 0.000809877 0.000137546 1069.88 31800.4 955.09 5 50 2 0.650777 3.03527e-11 0.0423517
4.77 123.419 3.09148 1927.95 1.91391e-05 0.00080997 0.000137551 1071.95 32039 956.346 5 50 2 0.72306 3.00549e-11 0.0484575
4.78 123.419 3.0923 1927.95 1.91373e-05 0.000810037 0.000137552 1074.01 32277.9 957.601 5 50 2 0.818568 1.53216e-11 0.0266586
4.79 123.419 3.09326 1927.95 1.91358e-05 0.000810076 0.000137549 1076.07 32516.3 958.854 5 50 2 0.820363 1.6417e-11 0.027402
4.8 123.419 3.09431 1927.95 1.91344e-05 0.000810084 0.000137542 1078.13 32754.6 960.107 5 50 2 0.728067 3.46927e-11 0.0493998
4.81 123.419 3.09539 1927.95 1.91332e-05 0.000810061 0.000137531 1080.19 32993.2 961.361 5 50 2 0.6624 3.6254e-11 0.0420202
4.82 123.419 3.09651 1927.95 1.9132e-05 0.000810007 0.000137515 1082.25 33231.8 962.615 5 50 2 0.63348 3.54081e-11 0.0342057
4.83 123.419 3.09766 1927.95 1.91311e-05 0.000809921 0.000137496 1084.31 33470.2 963.87 5 50 2 0.619543 3.38526e-11 0.0278966
4.84 123.419 3.0988 1927.94 1.91302e-05 0.000809806 0.000137473 1086.37 33708.7 965.125 5 50 2 0.611865 3.17551e-11 0.0227567
4.85 123.419 3.09991 1927.94 1.91295e-05 0.000809663 0.000137447 1088.43 33947.3 966.38 5 50 2 0.607192 2.92775e-11 0.018702
4.86 123.419 3.10096 1927.94 1.91289e-05 0.000809494 0.000137417 1090.49 34185.7 967.634 5 50 2 0.604121 2.65148e-11 0.0154113
4.87 123.419 3.10194 1927.94 1.91284e-05 0.000809301 0.000137386 1092.55 34424.5 968.888 5 50 2 0.601992 2.36203e-11 0.0127223
4.88 123.419 3.10282 1927.94 1.9128e-05 0.000809089 0.000137352 1094.61 34663.3 970.143 5 50 2 0.600464 2.07837e-11 0.0105549
4.89 123.419 3.10359 1927.94 1.91277e-05 0.000808861 0.000137317 1096.67 34901.6 971.399 5 50 2 0.599335 1.824e-11 0.0088691
4.9 123.419 3.10424 1927.94 1.91274e-05 0.00080862 0.000137282 1098.73 35140.2 972.653 5 50 2 0.598494 1.62807e-11 0.00769081
4.91 123.419 3.10474 1927.94 1.91272e-05 0.00080837 0.000137246 1100.8 35378.7 973.908 5 50 2 0.597868 1.51957e-11 0.00707113
4.92 123.419 3.1051 1927.94 1.91271e-05 0.000808117 0.00013721 1102.86 35617.1 975.164 5 50 2 0.597418 1.51316e-11 0.00702908
4.93 123.418 3.10531 1927.94 1.9127e-05 0.000807864 0.000137176 1104.92 35855.8 976.422 5 50 2 0.597122 1.59736e-11 0.00750498
4.94 123.418 3.10536 1927.94 1.91269e-05 0.000807615 0.000137142 1106.98 36094.4 977.677 5 50 2 0.596978 1.7405e-11 0.00837955
4.95 123.418 3.10526 1927.94 1.91269e-05 0.000807374 0.000137111 1109.05 36333 979.059 5 50 2 0.596996 1.90819e-11 0.0095383
4.96 123.418 3.10501 1927.94 1.91268e-05 0.000807146 0.000137082 1111.11 36571.8 980.563 5 50 2 0.597216 2.07234e-11 0.0109011
4.97 123.418 3.10462 1927.94 1.91268e-05 0.000806933 0.000137056 1113.17 36810.1 981.816 5 50 2 0.597714 2.21249e-11 0.0124194
4.98 123.418 3.1041 1927.94 1.91267e-05 0.000806738 0.000137033 1115.23 37048.6 983.071 5 50 2 0.598642 2.31388e-11 0.0140632
4.99 123.418 3.10346 1927.94 1.91267e-05 0.000806565 0.000137013 1117.29 37287.1 984.325 5 50 2 0.600309 2.36544e-11 0.0158044
5 123.418 3.10271 1927.94 1.91266e-05 0.000806415 0.000136997 1119.35 37525.4 985.581 5 50 2 0.603413 2.35839e-11 0.0175975
5.01 123.418 3.10188 1927.94 1.91265e-05 0.00080629 0.000136984 1121.41 37763.6 986.837 5 50 2 0.609744 2.28594e-11 0.0193511
5.02 123.418 3.10098 1927.94 1.91264e-05 0.000806191 0.000136975 1123.47 38001.9 988.091 5 50 2 0.624851 2.14728e-11 0.0209203
5.03 123.418 3.10002 1927.94 1.91262e-05 0.000806119 0.00013697 1125.12 38192.4 989.095 4 50 2 0.651263 9.31205e-11 0.105428
5.04 123.418 3.09883 1927.94 1.9126e-05 0.000806073 0.000136968 1126.76 38383.1 990.097 4 50 2 0.686667 6.02959e-11 0.0701943
5.05 123.418 3.09802 1927.94 1.91258e-05 0.000806054 0.00013697 1128.41 38574.1 991.101 4 50 2 0.82947 6.5025e-11 0.103927
5.06 123.418 3.09717 1927.94 1.91256e-05 0.00080606 0.000136974 1130.06 38764.9 992.104 4 50 2 0.679049 5.23265e-11 0.0888708
5.07 123.418 3.09608 1927.94 1.91253e-05 0.000806089 0.000136981 1131.71 38955.8 993.107 4 50 2 0.633428 5.66173e-11 0.0907004
5.08 123.418 3.09533 1927.94 1.9125e-05 0.00080614 0.000136991 1133.77 39194.1 994.362 5 50 2 0.62173 1.3355e-11 0.0196865
5.09 123.418 3.09438 1927.94 1.91248e-05 0.00080621 0.000137003 1135.83 39432.5 995.616 5 50 2 0.609128 1.16809e-11 0.0187868
5.1 123.418 3.0936 1927.94 1.91244e-05 0.000806296 0.000137016 1137.89 39670.9 996.872 5 50 2 0.602882 8.76983e-12 0.0125097
5.11 123.418 3.09305 1927.94 1.91241e-05 0.000806396 0.00013703 1139.95 39909.2 998.127 5 50 2 0.599548 6.21668e-12 0.00766724
5.12 123.418 3.09243 1927.94 1.91238e-05 0.000806506 0.000137045 1142.01 40147.9 999.38 5 50 2 0.59925 4.58098e-12 0.00616582
5.13 123.418 3.09202 1927.94 1.91235e-05 0.000806622 0.00013706 1144.07 40386.1 1000.64 5 50 2 0.598402 5.84338e-12 0.00729092
5.14 123.418 3.09172 1927.94 1.91232e-05 0.000806742 0.000137075 1146.13 40624.7 1001.89 5 50 2 0.598737 8.2908e-12 0.0104787
5.15 123.418 3.09152 1927.94 1.91229e-05 0.000806861 0.000137089 1148.19 40863.4 1003.14 5 50 2 0.600023 1.11227e-11 0.0148945
5.16 123.418 3.09146 1927.94 1.91226e-05 0.000806977 0.000137102 1150.25 41101.9 1004.4 5 50 2 0.60204 1.38707e-11 0.0192292
5.17 123.418 3.09152 1927.94 1.91224e-05 0.000807086 0.000137113 1152.31 41340.1 1005.65 5 50 2 0.606335 1.64133e-11 0.0250156
5.18 123.418 3.09169 1927.94 1.91222e-05 0.000807185 0.000137123 1154.37 41578.5 1006.9 5 50 2 0.614626 1.85894e-11 0.0317357
5.19 123.418 3.09198 1927.94 1.9122e-05 0.000807272 0.00013713 1156.43 41816.8 1008.16 5 50 2 0.632441 2.02701e-11 0.039353
5.2 123.418 3.09237 1927.94 1.91219e-05 0.000807344 0.000137135 1158.49 42055.1 1009.41 5 50 2 0.676227 2.12291e-11 0.0478488
5.21 123.418 3.09277 1927.94 1.91218e-05 0.000807399 0.000137138 1159.72 42198 1010.16 3 50 2 0.454091 9.78924e-11 0.24702
5.22 123.418 3.09379 1927.94 1.91218e-05 0.000807435 0.000137137 1161.4 42388.4 1011.17 4 50 2 0.797461 8.71153e-11 0.14128
5.23 123.418 3.09405 1927.94 1.91218e-05 0.000807452 0.000137134 1163.45 42626.9 1012.42 5 50 2 0.732444 2.12029e-11 0.0438581
5.24 123.418 3.09452 1927.94 1.91219e-05 0.000807448 0.000137128 1165.51 42865.2 1013.67 5 50 2 0.670196 2.30814e-11 0.0444353
5.25 123.418 3.09563 1927.94 1.9122e-05 0.000807423 0.000137119 1167.57 43103.4 1014.93 5 50 2 0.673227 2.4746e-11 0.0422721
5.26 123.418 3.09611 1927.94 1.91221e-05 0.000807378 0.000137108 1169.63 43341.7 1016.18 5 50 2 0.62333 2.15846e-11 0.0255931
5.27 123.418 3.09687 1927.94 1.91224e-05 0.000807313 0.000137094 1171.69 43579.7 1017.44 5 50 2 0.615823 2.15623e-11 0.025821
5.28 123.418 3.09764 1927.94 1.91226e-05 0.00080723 0.000137078 1173.75 43818.1 1018.69 5 50 2 0.609909 2.01092e-11 0.0214045
5.29 123.418 3.09825 1927.94 1.91229e-05 0.000807128 0.00013706 1175.81 44056.5 1019.94 5 50 2 0.60527 1.78686e-11 0.0161676
5.3 123.418 3.09891 1927.94 1.91232e-05 0.000807011 0.000137041 1177.87 44294.9 1021.2 5 50 2 0.60306 1.61645e-11 0.0140859
5.31 123.418 3.09948 1927.94 1.91236e-05 0.00080688 0.00013702 1179.93 44533 1022.45 5 50 2 0.601119 1.41676e-11 0.0114278
5.32 123.418 3.09997 1927.94 1.9124e-05 0.000806738 0.000136998 1181.99 44771.2 1023.7 5 50 2 0.599735 1.23406e-11 0.00942912
5.33 123.418 3.1004 1927.94 1.91244e-05 0.000806587 0.000136975 1184.04 45009.5 1024.96 5 50 2 0.598828 1.08267e-11 0.00808332
5.34 123.418 3.10073 1927.94 1.91248e-05 0.000806429 0.000136952 1186.1 45247.5 1026.21 5 50 2 0.598054 9.84908e-12 0.00717734
5.35 123.418 3.10096 1927.94 1.91252e-05 0.000806269 0.00013693 1188.16 45485.6 1027.46 5 50 2 0.597533 9.53059e-12 0.00691816
5.36 123.418 3.10111 1927.94 1.91256e-05 0.000806107 0.000136908 1190.22 45723.8 1028.72 5 50 2 0.597188 9.87584e-12 0.00724252
5.37 123.418 3.10114 1927.94 1.9126e-05 0.000805948 0.000136886 1192.28 45961.8 1029.97 5 50 2 0.596977 1.07207e-11 0.00802407
5.38 123.418 3.10108 1927.94 1.91264e-05 0.000805793 0.000136866 1194.34 46199.6 1031.22 5 50 2 0.596957 1.17995e-11 0.00915849
5.39 123.418 3.10092 1927.94 1.91268e-05 0.000805645 0.000136847 1196.4 46437.8 1032.48 5 50 2 0.597135 1.29137e-11 0.0105305
5.4 123.418 3.10067 1927.94 1.91272e-05 0.000805507 0.00013683 1198.46 46676.3 1033.73 5 50 2 0.597589 1.39076e-11 0.0120816
5.41 123.418 3.10033 1927.94 1.91276e-05 0.000805381 0.000136815 1200.52 46915 1034.99 5 50 2 0.598476 1.46699e-11 0.0137894
5.42 123.418 3.09991 1927.94 1.91279e-05 0.000805268 0.000136802 1202.58 47153 1036.24 5 50 2 0.600099 1.51193e-11 0.0156144
5.43 123.418 3.09941 1927.94 1.91282e-05 0.00080517 0.000136792 1204.64 47391.2 1037.49 5 50 2 0.60315 1.51928e-11 0.0175233
5.44 123.418 3.09886 1927.94 1.91284e-05 0.000805088 0.000136784 1206.7 47629 1038.75 5 50 2 0.60943 1.48404e-11 0.0194379
5.45 123.418 3.09826 1927.94 1.91287e-05 0.000805023 0.000136778 1208.34 47819.9 1039.75 4 50 2 0.634114 9.41077e-11 0.142098
5.46 123.418 3.09735 1927.94 1.91288e-05 0.000804976 0.000136774 1209.99 48010.2 1040.75 4 50 2 0.644148 5.92795e-11 0.0835478
5.47 123.418 3.09686 1927.94 1.9129e-05 0.000804946 0.000136773 1211.64 48201 1041.76 4 50 2 0.740904 4.74571e-11 0.111978
5.48 123.418 3.09643 1927.94 1.91291e-05 0.000804933 0.000136774 1212.87 48344 1042.51 3 50 2 0.595471 9.14452e-11 0.245687
5.49 123.418 3.09567 1927.94 1.91292e-05 0.000804937 0.000136777 1214.52 48534.6 1043.51 4 50 2 0.71847 3.04438e-11 0.0662555
5.5 123.418 3.09485 1927.94 1.91293e-05 0.000804957 0.000136782 1215.76 48677.6 1044.26 3 50 2 0.464036 9.04703e-11 0.239738
5.51 123.418 3.09485 1927.94 1.91293e-05 0.000804991 0.000136789 1217.4 48868.4 1045.26 4 50 2 0.61564 9.00442e-11 0.134928
5.52 123.418 3.09377 1927.94 1.91293e-05 0.000805038 0.000136796 1218.64 49011.5 1046.01 3 50 2 0.347333 7.80816e-11 0.192663
5.53 123.418 3.09384 1927.94 1.91293e-05 0.000805097 0.000136805 1220.7 49249.6 1047.27 5 50 2 0.597882 5.64696e-12 0.00725558
5.54 123.418 3.09238 1927.94 1.91293e-05 0.000805164 0.000136815 1221.94 49392.6 1048.02 3 50 2 0.232969 4.0345e-11 0.123597
5.55 123.418 3.09301 1927.94 1.91292e-05 0.000805239 0.000136825 1224 49630.9 1049.28 5 50 2 0.5912 5.24808e-12 0.00466101
5.56 123.418 3.09199 1927.94 1.91292e-05 0.000805318 0.000136836 1225.24 49773.6 1050.03 3 50 2 0.302275 8.77443e-11 0.197752
5.57 123.418 3.09233 1927.94 1.91291e-05 0.0008054 0.000136846 1227.3 50011.8 1051.28 5 50 2 0.593904 6.1997e-12 0.00699132
5.58 123.418 3.09232 1927.94 1.91291e-05 0.000805483 0.000136856 1229.36 50250.1 1052.54 5 50 2 0.598305 7.14831e-12 0.0117815
5.59 123.418 3.09044 1927.94 1.9129e-05 0.000805564 0.000136866 1231.42 50488.5 1053.79 5 50 2 0.624415 8.48672e-12 0.0136543
5.6 123.418 3.09246 1927.94 1.9129e-05 0.00080564 0.000136874 1233.48 50726.6 1055.04 5 50 2 0.582224 1.00634e-11 0.00583358
5.61 123.418 3.0911 1927.94 1.9129e-05 0.000805711 0.000136881 1234.71 50869.7 1055.79 3 50 2 -0.217278 1.96373e-11 0.124155
5.62 123.418 3.09254 1927.94 1.9129e-05 0.000805773 0.000136887 1236.36 51060.2 1056.8 4 50 2 0.625186 8.14752e-11 0.0688383
5.63 123.418 3.09243 1927.94 1.9129e-05 0.000805826 0.000136891 1237.59 51203.2 1057.55 3 50 2 0.335128 4.86371e-11 0.218419
5.64 123.418 3.0922 1927.94 1.9129e-05 0.000805868 0.000136893 1238.83 51345.9 1058.3 3 50 2 0.4372 4.92246e-11 0.235636
5.65 123.417 3.09328 1927.94 1.91291e-05 0.000805898 0.000136894 1240.48 51536.8 1059.3 4 50 2 0.678799 3.98654e-11 0.0585898
5.66 123.417 3.09286 1927.94 1.91292e-05 0.000805915 0.000136893 1242.12 51727.3 1060.31 4 50 2 0.651153 5.33769e-11 0.101628
5.67 123.417 3.09371 1927.94 1.91293e-05 0.000805918 0.00013689 1243.36 51870.4 1061.06 3 50 2 0.559796 9.62181e-11 0.259624
5.68 123.417 3.09397 1927.94 1.91294e-05 0.000805908 0.000136885 1245.01 52060.9 1062.06 4 50 2 0.634145 8.1044e-11 0.164506
5.69 123.417 3.09438 1927.94 1.91296e-05 0.000805885 0.000136878 1247.07 52298.9 1063.31 5 50 2 0.631615 1.45345e-11 0.0322861
5.7 123.417 3.09557 1927.94 1.91298e-05 0.000805848 0.00013687 1248.3 52441.8 1064.06 3 50 2 0.308226 7.12734e-11 0.191979
5.71 123.417 3.09438 1927.94 1.913e-05 0.000805799 0.000136861 1250.39 52679.8 1065.32 5 50 2 0.598958 1.03144e-11 0.00675328
5.72 123.417 3.09645 1927.94 1.91302e-05 0.000805738 0.00013685 1251.62 52822.9 1066.07 3 50 2 0.188438 2.54986e-11 0.0666179
5.73 123.417 3.096 1927.94 1.91305e-05 0.000805667 0.000136838 1253.68 53061.6 1067.33 5 50 2 0.598196 9.40372e-12 0.00771892
5.74 123.417 3.09604 1927.94 1.91307e-05 0.000805586 0.000136825 1255.74 53299.8 1068.58 5 50 2 0.599906 9.05076e-12 0.00963248
5.75 123.417 3.09898 1927.94 1.9131e-05 0.000805498 0.000136811 1256.98 53442.7 1069.33 3 50 2 -0.0316911 7.59865e-13 0.00171103
5.76 123.417 3.09514 1927.94 1.91313e-05 0.000805405 0.000136797 1259.04 53681 1070.59 5 50 2 0.578205 1.13688e-11 0.00340897
5.77 123.417 3.09762 1927.94 1.91316e-05 0.000805306 0.000136782 1260.68 53871.7 1071.59 4 50 2 0.597904 8.25226e-11 0.12421
5.78 123.417 3.10033 1927.94 1.91319e-05 0.000805206 0.000136768 1261.92 54014.7 1072.34 3 50 2 -0.0193512 3.50435e-13 0.00156521
5.79 123.417 3.09471 1927.94 1.91322e-05 0.000805105 0.000136754 1263.98 54252.9 1073.59 5 50 2 0.567929 1.39633e-11 0.00319034
5.8 123.417 3.09807 1927.94 1.91325e-05 0.000805004 0.000136741 1265.63 54443.6 1074.6 4 50 2 0.545908 3.3258e-11 0.0257411
5.81 123.417 3.10069 1927.94 1.91328e-05 0.000804907 0.000136728 1266.86 54586.3 1075.35 3 50 2 -0.197447 3.01877e-11 0.154881
5.82 123.417 3.09443 1927.94 1.9133e-05 0.000804815 0.000136716 1268.92 54824.5 1076.6 5 50 2 0.559527 1.46353e-11 0.00318582
5.83 123.417 3.09798 1927.94 1.91333e-05 0.000804728 0.000136706 1270.57 55015.5 1077.6 4 50 2 0.657646 3.96402e-11 0.0245761
5.84 123.417 3.09939 1927.94 1.91335e-05 0.000804648 0.000136696 1271.81 55158.7 1078.36 3 50 2 0.0764384 3.9509e-12 0.0468117
5.85 123.417 3.09427 1927.94 1.91338e-05 0.000804577 0.000136688 1273.87 55397.2 1079.61 5 50 2 0.555266 1.24257e-11 0.00342487
5.86 123.417 3.09738 1927.94 1.91339e-05 0.000804515 0.000136681 1275.51 55588.2 1080.61 4 50 2 0.63488 4.05409e-11 0.0250351
5.87 123.417 3.09743 1927.94 1.91341e-05 0.000804463 0.000136676 1276.75 55731.8 1081.37 3 50 2 0.383486 8.40307e-11 0.235558
5.88 123.417 3.09402 1927.94 1.91343e-05 0.000804423 0.000136673 1278.4 55922.5 1082.37 4 50 2 0.622669 5.08761e-11 0.0224463
5.89 123.417 3.09594 1927.94 1.91344e-05 0.000804393 0.00013667 1280.05 56113.4 1083.38 4 50 2 0.629436 2.09508e-11 0.0176352
5.9 123.417 3.09561 1927.94 1.91345e-05 0.000804374 0.00013667 1281.29 56257.9 1084.13 3 50 2 0.547691 6.08096e-11 0.248433
5.91 123.417 3.09393 1927.94 1.91346e-05 0.000804366 0.000136671 1282.95 56451.1 1085.14 4 50 2 0.640706 1.56598e-11 0.0163526
5.92 123.417 3.09448 1927.94 1.91347e-05 0.000804369 0.000136673 1284.64 56648 1086.17 4 50 2 0.623582 3.66114e-11 0.059621
5.93 123.417 3.09391 1927.94 1.91347e-05 0.000804382 0.000136676 1285.92 56796.5 1086.95 3 50 2 0.452791 5.56895e-11 0.235124
5.94 123.417 3.09339 1927.94 1.91347e-05 0.000804404 0.00013668 1287.18 56942.9 1087.72 3 50 2 0.432221 7.499e-11 0.232824
5.95 123.417 3.09357 1927.94 1.91347e-05 0.000804435 0.000136686 1288.82 57133.9 1088.72 4 50 2 0.614411 7.44104e-11 0.133286
5.96 123.417 3.09244 1927.94 1.91347e-05 0.000804473 0.000136692 1290.06 57277 1089.47 3 50 2 0.259024 2.31518e-11 0.0944272
5.97 123.417 3.09264 1927.94 1.91347e-05 0.000804517 0.000136698 1291.71 57468.3 1090.48 4 50 2 0.613144 9.35256e-11 0.149997
5.98 123.417 3.09217 1927.94 1.91347e-05 0.000804566 0.000136705 1292.97 57614.3 1091.24 3 50 2 0.361874 9.33753e-11 0.225109
5.99 123.417 3.09247 1927.94 1.91346e-05 0.000804619 0.000136712 1295.07 57857.8 1092.53 5 50 2 0.592694 3.55626e-12 0.00536782
6 123.417 3.09126 1927.94 1.91346e-05 0.000804674 0.000136719 1296.33 58004.2 1093.29 3 50 2 0.0435672 9.01203e-13 0.00669683
6.01 123.417 3.0918 1927.93 1.91346e-05 0.000804729 0.000136726 1298.01 58198.8 1094.32 4 50 2 0.615894 9.70159e-11 0.126611
6.02 123.417 3.09234 1927.93 1.91345e-05 0.000804784 0.000136732 1299.54 58372.4 1095.25 4 50 2 0.616973 9.43912e-11 0.132623
6.03 123.417 3.09092 1927.93 1.91345e-05 0.000804836 0.000136738 1301.01 58542.9 1096.14 4 50 2 0.770552 2.31775e-11 0.0419716
6.04 123.417 3.09184 1927.93 1.91344e-05 0.000804885 0.000136743 1302.48 58713.3 1097.04 4 50 2 0.620199 7.19057e-11 0.084409
6.05 123.417 3.09164 1927.93 1.91344e-05 0.000804929 0.000136747 1303.59 58841.2 1097.71 3 50 2 0.338086 4.83597e-11 0.22184
6.06 123.417 3.09236 1927.93 1.91344e-05 0.000804966 0.00013675 1305.02 59006.5 1098.58 4 50 2 0.629378 4.87165e-11 0.0816224
6.07 123.417 3.09203 1927.93 1.91344e-05 0.000804997 0.000136753 1306.07 59128.1 1099.22 3 50 2 0.572406 5.18444e-11 0.267793
6.08 123.417 3.09191 1927.93 1.91344e-05 0.00080502 0.000136753 1307.13 59249.9 1099.86 3 50 2 0.510206 4.46611e-11 0.250612
6.09 123.417 3.09271 1927.93 1.91345e-05 0.000805034 0.000136753 1308.52 59412.5 1100.72 4 50 2 0.693798 2.23839e-11 0.048612
6.1 123.417 3.09279 1927.93 1.91345e-05 0.00080504 0.000136752 1309.58 59534.7 1101.36 3 50 2 0.451267 5.98598e-11 0.247141
6.11 123.417 3.09282 1927.93 1.91346e-05 0.000805037 0.000136749 1310.63 59656.7 1102 3 50 2 0.470761 9.68359e-11 0.248637
6.12 123.417 3.09302 1927.93 1.91347e-05 0.000805025 0.000136745 1311.69 59778.4 1102.64 3 50 2 0.43994 9.51528e-11 0.243908
6.13 123.417 3.09348 1927.93 1.91348e-05 0.000805005 0.000136741 1312.74 59900.9 1103.28 3 50 2 0.378748 7.48416e-11 0.228326
6.14 123.417 3.09343 1927.93 1.91349e-05 0.000804976 0.000136735 1314.22 60072.4 1104.18 4 50 2 0.616137 8.96366e-11 0.16752
6.15 123.417 3.09452 1927.93 1.91351e-05 0.000804939 0.000136728 1315.36 60203.6 1104.87 3 50 2 0.241319 2.97462e-11 0.128261
6.16 123.417 3.09396 1927.93 1.91352e-05 0.000804896 0.000136721 1317.26 60422.8 1106.03 5 50 2 0.595949 5.86154e-12 0.0064191
6.17 123.417 3.09502 1927.93 1.91354e-05 0.000804846 0.000136713 1318.34 60544.9 1106.69 3 50 2 0.260656 4.66279e-11 0.16963
6.18 123.417 3.09442 1927.93 1.91355e-05 0.000804792 0.000136704 1320.11 60749 1107.75 5 50 2 0.592856 5.1404e-12 0.00524603
6.19 123.417 3.09467 1927.93 1.91357e-05 0.000804734 0.000136696 1321.93 60960.1 1108.87 5 50 2 0.600131 4.41788e-12 0.00958631
6.2 123.417 3.09661 1927.93 1.91358e-05 0.000804672 0.000136687 1323.05 61090.8 1109.55 3 50 2 -0.0411731 7.26552e-13 0.00213189
6.21 123.417 3.09383 1927.93 1.9136e-05 0.00080461 0.000136678 1324.94 61309.8 1110.7 5 50 2 0.574113 7.74798e-12 0.00336731
6.22 123.417 3.0955 1927.93 1.91362e-05 0.000804547 0.000136669 1326.84 61529.9 1111.86 5 50 2 0.613525 6.92305e-12 0.0137415
6.23 123.417 3.09671 1927.93 1.91364e-05 0.000804485 0.000136661 1327.98 61661.5 1112.55 3 50 2 0.153455 1.49614e-11 0.105411
6.24 123.417 3.09348 1927.93 1.91365e-05 0.000804425 0.000136653 1329.87 61880.4 1113.7 5 50 2 0.566957 8.38606e-12 0.00338513
6.25 123.417 3.09559 1927.93 1.91367e-05 0.000804367 0.000136646 1331.01 62011.6 1114.39 3 50 2 0.927074 6.97894e-11 0.0786474
6.26 123.417 3.09651 1927.93 1.91368e-05 0.000804314 0.000136639 1332.14 62142.9 1115.08 3 50 2 0.130639 8.36148e-12 0.0970126
6.27 123.417 3.09325 1927.93 1.9137e-05 0.000804265 0.000136634 1333.65 62317.9 1116 4 50 2 0.619734 7.50827e-11 0.0321411
6.28 123.417 3.09492 1927.93 1.91371e-05 0.000804222 0.000136629 1335.17 62492.8 1116.92 4 50 2 0.66013 2.18124e-11 0.0271469
6.29 123.417 3.09559 1927.93 1.91372e-05 0.000804185 0.000136625 1336.3 62624 1117.61 3 50 2 -0.0703447 1.16274e-12 0.0130736
6.3 123.417 3.09338 1927.93 1.91373e-05 0.000804154 0.000136622 1337.82 62799.1 1118.53 4 50 2 0.62196 4.05936e-11 0.0267957
6.31 123.417 3.09423 1927.93 1.91374e-05 0.00080413 0.00013662 1339.33 62971.2 1119.45 4 50 2 0.662869 1.34018e-11 0.0279206
6.32 123.417 3.0943 1927.93 1.91374e-05 0.000804112 0.000136619 1340.38 63092.8 1120.09 3 50 2 0.492773 2.61774e-11 0.248701
6.33 123.417 3.09325 1927.93 1.91375e-05 0.000804102 0.000136618 1341.78 63255.5 1120.95 4 50 2 0.635523 1.21228e-11 0.0188658
6.34 123.417 3.09343 1927.93 1.91375e-05 0.000804098 0.000136619 1342.83 63377.2 1121.58 3 50 2 0.540439 6.94275e-11 0.248497
6.35 123.417 3.09338 1927.93 1.91376e-05 0.000804101 0.000136621 1343.88 63498.9 1122.22 3 50 2 0.486535 5.49874e-11 0.249326
6.36 123.417 3.093 1927.93 1.91376e-05 0.00080411 0.000136623 1344.93 63620.6 1122.86 3 50 2 0.567003 5.25489e-11 0.26758
6.37 123.417 3.09252 1927.93 1.91376e-05 0.000804125 0.000136626 1345.98 63742.3 1123.5 3 50 2 0.376653 3.01148e-11 0.195321
6.38 123.417 3.09244 1927.93 1.91375e-05 0.000804145 0.000136629 1347.03 63864.4 1124.14 3 50 2 0.434107 8.30886e-11 0.243862
6.39 123.417 3.09272 1927.93 1.91375e-05 0.00080417 0.000136633 1348.44 64026.8 1124.99 4 50 2 0.614449 5.43272e-11 0.115804
6.4 123.417 3.0919 1927.93 1.91375e-05 0.000804198 0.000136637 1349.84 64189.6 1125.85 4 50 2 0.601332 5.09144e-11 0.198594
6.41 123.417 3.09105 1927.93 1.91375e-05 0.00080423 0.000136642 1350.89 64311.4 1126.5 3 50 2 0.0592462 9.90866e-13 0.00829265
6.42 123.417 3.09238 1927.93 1.91374e-05 0.000804264 0.000136646 1352.3 64474.1 1127.36 4 50 2 0.617259 5.97504e-11 0.0529477
6.43 123.417 3.09138 1927.93 1.91374e-05 0.000804299 0.000136651 1353.39 64601.9 1128.02 3 50 2 -0.27109 1.81987e-11 0.135102
6.44 123.417 3.09121 1927.93 1.91374e-05 0.000804335 0.000136655 1354.55 64736.6 1128.73 3 50 2 0.384188 7.22838e-11 0.234881
6.45 123.417 3.09244 1927.93 1.91373e-05 0.00080437 0.000136659 1356.11 64916.3 1129.67 4 50 2 0.618373 5.49941e-11 0.0550665
6.46 123.417 3.09102 1927.93 1.91373e-05 0.000804403 0.000136663 1357.66 65095.9 1130.62 4 50 2 0.647783 1.82201e-11 0.0272791
6.47 123.417 3.09112 1927.93 1.91373e-05 0.000804435 0.000136666 1358.83 65230.5 1131.33 3 50 2 0.435329 8.3971e-11 0.245411
6.48 123.417 3.0924 1927.93 1.91372e-05 0.000804463 0.000136669 1360.38 65409.9 1132.27 4 50 2 0.621364 3.69459e-11 0.0396995
6.49 123.417 3.09148 1927.93 1.91372e-05 0.000804488 0.000136671 1361.55 65544.7 1132.98 3 50 2 0.727124 9.75808e-11 0.206629
6.5 123.417 3.09115 1927.93 1.91372e-05 0.000804509 0.000136673 1362.71 65679.3 1133.69 3 50 2 0.674789 4.46105e-11 0.26899
6.51 123.417 3.0922 1927.93 1.91372e-05 0.000804524 0.000136674 1364.27 65858.6 1134.64 4 50 2 0.629442 1.59777e-11 0.0237757
6.52 123.417 3.09205 1927.93 1.91372e-05 0.000804535 0.000136674 1365.43 65993.1 1135.35 3 50 2 0.543823 4.60192e-11 0.248934
6.53 123.417 3.09195 1927.93 1.91372e-05 0.00080454 0.000136673 1366.6 66127.6 1136.06 3 50 2 0.516255 5.63569e-11 0.249816
6.54 123.417 3.09223 1927.93 1.91373e-05 0.000804539 0.000136672 1367.76 66262.1 1136.76 3 50 2 0.521197 4.07965e-11 0.253426
6.55 123.417 3.09259 1927.93 1.91373e-05 0.000804533 0.000136669 1368.93 66396.9 1137.47 3 50 2 0.394903 3.13459e-11 0.218959
6.56 123.417 3.09267 1927.93 1.91374e-05 0.000804521 0.000136667 1370.09 66531.5 1138.18 3 50 2 0.436451 7.30137e-11 0.244585
6.57 123.417 3.09241 1927.93 1.91374e-05 0.000804504 0.000136663 1371.65 66711.2 1139.13 4 50 2 0.616935 5.17308e-11 0.115218
6.58 123.417 3.09317 1927.93 1.91375e-05 0.000804483 0.000136659 1372.81 66845.8 1139.84 3 50 2 0.458904 4.50133e-11 0.221916
6.59 123.417 3.09341 1927.93 1.91376e-05 0.000804457 0.000136655 1373.98 66980.1 1140.55 3 50 2 0.396001 8.07041e-11 0.236281
6.6 123.417 3.09251 1927.93 1.91376e-05 0.000804427 0.00013665 1375.53 67159.6 1141.49 4 50 2 0.616462 6.6977e-11 0.0739896
6.61 123.417 3.09357 1927.93 1.91378e-05 0.000804394 0.000136645 1377.09 67339.2 1142.44 4 50 2 0.606045 6.82724e-11 0.202502
6.62 123.417 3.09461 1927.93 1.91378e-05 0.000804358 0.000136639 1378.25 67473.8 1143.15 3 50 2 0.0101978 3.52967e-14 0.000285568
6.63 123.417 3.09273 1927.93 1.91379e-05 0.000804321 0.000136634 1379.81 67653.3 1144.09 4 50 2 0.617681 7.17445e-11 0.0469602
6.64 123.417 3.0939 1927.93 1.9138e-05 0.000804282 0.000136629 1380.97 67787.7 1144.8 3 50 2 -0.213515 1.33634e-11 0.0814234
6.65 123.417 3.09415 1927.93 1.91381e-05 0.000804244 0.000136623 1382.14 67922.3 1145.51 3 50 2 0.376282 8.18239e-11 0.233152
6.66 123.417 3.09253 1927.93 1.91382e-05 0.000804206 0.000136618 1383.69 68098.5 1146.46 4 50 2 0.617969 6.7308e-11 0.0517564
6.67 123.417 3.09421 1927.93 1.91383e-05 0.000804169 0.000136614 1385.09 68260.9 1147.31 4 50 2 0.645326 1.90904e-11 0.0251035
6.68 123.417 3.09396 1927.93 1.91384e-05 0.000804134 0.000136609 1386.49 68423.1 1148.16 4 50 2 0.61612 6.63665e-11 0.158264
6.69 123.417 3.09308 1927.93 1.91385e-05 0.000804101 0.000136605 1387.89 68585.5 1149.01 4 50 2 0.618348 5.36642e-11 0.0698394
6.7 123.417 3.09379 1927.93 1.91385e-05 0.000804072 0.000136602 1388.95 68706.9 1149.65 3 50 2 -0.18497 5.20497e-12 0.0383309
6.71 123.417 3.09326 1927.93 1.91386e-05 0.000804046 0.000136599 1390.35 68869.2 1150.51 4 50 2 0.620402 4.03624e-11 0.0845766
6.72 123.417 3.09323 1927.93 1.91387e-05 0.000804023 0.000136597 1391.4 68990.6 1151.14 3 50 2 0.410826 4.74041e-11 0.24172
6.73 123.417 3.09313 1927.93 1.91387e-05 0.000804005 0.000136595 1392.45 69112.3 1151.78 3 50 2 0.439551 4.33967e-11 0.246151
6.74 123.417 3.09268 1927.93 1.91388e-05 0.000803991 0.000136594 1393.49 69233.8 1152.42 3 50 2 0.545879 8.65093e-11 0.247946
6.75 123.417 3.09277 1927.93 1.91388e-05 0.000803981 0.000136593 1394.55 69355.2 1153.06 3 50 2 0.59505 2.54973e-11 0.247415
6.76 123.417 3.09278 1927.93 1.91388e-05 0.000803976 0.000136593 1395.6 69476.9 1153.7 3 50 2 0.567121 2.68068e-11 0.24618
6.77 123.417 3.09265 1927.93 1.91388e-05 0.000803975 0.000136594 1396.65 69598.5 1154.33 3 50 2 0.56109 2.62024e-11 0.252969
6.78 123.417 3.09229 1927.93 1.91388e-05 0.000803978 0.000136595 1397.7 69720 1154.97 3 50 2 0.758902 3.74288e-11 0.233737
6.79 123.417 3.09214 1927.93 1.91388e-05 0.000803985 0.000136597 1398.75 69841.8 1155.61 3 50 2 0.410346 2.99123e-11 0.235599
6.8 123.417 3.09217 1927.93 1.91388e-05 0.000803996 0.000136599 1399.8 69963.4 1156.25 3 50 2 0.461187 6.12876e-11 0.247734
6.81 123.417 3.09215 1927.93 1.91388e-05 0.00080401 0.000136601 1400.85 70085.4 1156.89 3 50 2 0.438055 5.79139e-11 0.244552
6.82 123.417 3.09185 1927.93 1.91388e-05 0.000804026 0.000136603 1401.9 70207 1157.53 3 50 2 0.313673 2.232e-11 0.191758
6.83 123.417 3.09169 1927.93 1.91388e-05 0.000804045 0.000136606 1402.96 70328.8 1158.17 3 50 2 0.384426 4.49372e-11 0.232249
6.84 123.417 3.09172 1927.93 1.91387e-05 0.000804066 0.000136609 1404.01 70450.6 1158.81 3 50 2 0.435612 7.26296e-11 0.245021
6.85 123.417 3.09172 1927.93 1.91387e-05 0.000804088 0.000136612 1405.06 70572.5 1159.45 3 50 2 0.425694 6.75547e-11 0.243514
6.86 123.417 3.09157 1927.93 1.91387e-05 0.000804111 0.000136615 1406.11 70694.3 1160.09 3 50 2 0.363139 3.99647e-11 0.227558
6.87 123.417 3.09148 1927.93 1.91387e-05 0.000804134 0.000136618 1407.16 70816.3 1160.73 3 50 2 0.382719 4.52085e-11 0.234331
6.88 123.417 3.09152 1927.93 1.91386e-05 0.000804156 0.00013662 1408.21 70938.1 1161.37 3 50 2 0.429343 6.16738e-11 0.244459
6.89 123.417 3.09158 1927.93 1.91386e-05 0.000804177 0.000136623 1409.27 71059.9 1162.01 3 50 2 0.428613 5.50845e-11 0.244392
6.9 123.417 3.09154 1927.93 1.91386e-05 0.000804196 0.000136625 1410.32 71181.5 1162.64 3 50 2 0.383884 3.31438e-11 0.235504
6.91 123.417 3.09153 1927.93 1.91386e-05 0.000804214 0.000136626 1411.37 71303.2 1163.28 3 50 2 0.391507 2.87508e-11 0.237481
6.92 123.417 3.09161 1927.93 1.91385e-05 0.000804228 0.000136628 1412.42 71424.8 1163.92 3 50 2 0.447386 3.41482e-11 0.246946
6.93 123.417 3.09171 1927.93 1.91385e-05 0.00080424 0.000136628 1413.47 71546.2 1164.56 3 50 2 0.472117 2.7933e-11 0.249008
6.94 123.417 3.09176 1927.93 1.91385e-05 0.000804249 0.000136629 1414.52 71667.9 1165.2 3 50 2 0.49187 1.78649e-11 0.249789
6.95 123.417 3.09179 1927.93 1.91385e-05 0.000804254 0.000136629 1415.57 71789.6 1165.84 3 50 2 0.511918 2.04296e-11 0.250087
6.96 123.417 3.09188 1927.93 1.91385e-05 0.000804256 0.000136628 1416.62 71911.3 1166.48 3 50 2 0.478385 2.25442e-11 0.248177
6.97 123.417 3.09201 1927.93 1.91386e-05 0.000804254 0.000136627 1417.67 72033.1 1167.13 3 50 2 0.437464 2.49111e-11 0.240664
6.98 123.417 3.09211 1927.93 1.91386e-05 0.000804249 0.000136625 1418.73 72155 1167.77 3 50 2 0.426873 3.49859e-11 0.241666
6.99 123.417 3.09216 1927.93 1.91386e-05 0.00080424 0.000136623 1419.78 72276.5 1168.41 3 50 2 0.433574 4.79907e-11 0.244153
7 123.417 3.09224 1927.93 1.91386e-05 0.000804228 0.000136621 1420.83 72398.3 1169.05 3 50 2 0.421439 5.11037e-11 0.242069
7.01 123.417 3.09235 1927.93 1.91387e-05 0.000804214 0.000136619 1421.92 72523.7 1169.7 3 50 2 0.405471 5.05824e-11 0.238595
7.02 123.417 3.09244 1927.93 1.91387e-05 0.000804196 0.000136616 1423.33 72649.7 1170.37 3 50 2 0.410685 5.83371e-11 0.240279
7.03 123.417 3.09248 1927.93 1.91388e-05 0.000804177 0.000136613 1424.67 72771.2 1171.01 3 50 2 0.420647 6.79816e-11 0.24263
7.04 123.417 3.09252 1927.93 1.91388e-05 0.000804156 0.000136609 1426.01 72893.4 1171.65 3 50 2 0.417891 6.92412e-11 0.242236
7.05 123.417 3.09258 1927.93 1.91389e-05 0.000804134 0.000136606 1427.35 73015.9 1172.3 3 50 2 0.409105 6.56496e-11 0.240572
7.06 123.417 3.09263 1927.93 1.91389e-05 0.000804111 0.000136603 1428.7 73138.1 1172.95 3 50 2 0.410794 6.6636e-11 0.241083
7.07 123.417 3.09263 1927.93 1.9139e-05 0.000804087 0.0001366 1430.04 73260.2 1173.58 3 50 2 0.41857 6.96945e-11 0.242706
7.08 123.417 3.09263 1927.93 1.9139e-05 0.000804064 0.000136597 1431.39 73381.9 1174.22 3 50 2 0.419123 6.7216e-11 0.242895
7.09 123.417 3.09263 1927.93 1.91391e-05 0.000804042 0.000136594 1432.73 73504.1 1174.86 3 50 2 0.413906 6.05155e-11 0.242038
7.1 123.417 3.09262 1927.93 1.91391e-05 0.000804021 0.000136591 1434.14 73632.1 1175.53 3 50 2 0.415003 5.61088e-11 0.242339
7.11 123.417 3.09258 1927.93 1.91392e-05 0.000804001 0.000136589 1435.51 73755.7 1176.18 3 50 2 0.42296 5.35896e-11 0.243775
7.12 123.417 3.09252 1927.93 1.91392e-05 0.000803983 0.000136587 1436.85 73877.4 1176.82 3 50 2 0.427239 4.80668e-11 0.244491
7.13 123.417 3.09248 1927.93 1.91393e-05 0.000803967 0.000136585 1438.18 73999 1177.46 3 50 2 0.426875 3.97748e-11 0.244456
7.14 123.417 3.09242 1927.93 1.91393e-05 0.000803954 0.000136584 1439.52 74120.5 1178.1 3 50 2 0.433607 3.29049e-11 0.245378
7.15 123.417 3.09235 1927.93 1.91393e-05 0.000803943 0.000136583 1440.86 74242 1178.74 3 50 2 0.454336 2.7971e-11 0.247688
7.16 123.417 3.09227 1927.93 1.91393e-05 0.000803935 0.000136582 1442.19 74363.8 1179.37 3 50 2 0.487184 2.24939e-11 0.249727
7.17 123.417 3.09219 1927.93 1.91394e-05 0.000803929 0.000136582 1443.53 74485.5 1180.01 3 50 2 0.546276 1.70343e-11 0.24838
7.18 123.417 3.09212 1927.93 1.91394e-05 0.000803927 0.000136582 1444.87 74607.2 1180.65 3 50 2 0.585697 1.49992e-11 0.245791
7.19 123.417 3.09204 1927.93 1.91394e-05 0.000803927 0.000136583 1446.26 74734.6 1181.32 3 50 2 0.533166 1.61254e-11 0.252851
7.2 123.417 3.09194 1927.93 1.91394e-05 0.000803929 0.000136583 1447.62 74858 1181.97 3 50 2 0.462107 1.70477e-11 0.243225
7.21 123.417 3.09186 1927.93 1.91394e-05 0.000803934 0.000136584 1448.96 74979.5 1182.61 3 50 2 0.425015 2.10355e-11 0.238528
7.22 123.417 3.0918 1927.93 1.91394e-05 0.000803941 0.000136586 1450.29 75101.1 1183.25 3 50 2 0.423218 2.73883e-11 0.240898
7.23 123.417 3.09173 1927.93 1.91393e-05 0.00080395 0.000136587 1451.63 75222.7 1183.89 3 50 2 0.412361 2.92933e-11 0.239127
7.24 123.417 3.09165 1927.93 1.91393e-05 0.00080396 0.000136589 1452.96 75344.4 1184.52 3 50 2 0.397188 2.86968e-11 0.235616
7.25 123.417 3.09159 1927.93 1.91393e-05 0.000803972 0.00013659 1454.3 75467.4 1185.16 3 50 2 0.400912 3.18526e-11 0.237446
7.26 123.417 3.09155 1927.93 1.91393e-05 0.000803985 0.000136592 1455.7 75595 1185.83 3 50 2 0.410681 3.59241e-11 0.240318
7.27 123.417 3.09152 1927.93 1.91393e-05 0.000803998 0.000136594 1457.07 75717.3 1186.48 3 50 2 0.408698 3.56198e-11 0.24016
7.28 123.417 3.09148 1927.93 1.91392e-05 0.000804012 0.000136596 1458.4 75839.1 1187.12 3 50 2 0.399939 3.25328e-11 0.238423
7.29 123.417 3.09146 1927.93 1.91392e-05 0.000804025 0.000136597 1459.74 75961.1 1187.76 3 50 2 0.401737 3.15409e-11 0.239119
7.3 123.417 3.09146 1927.93 1.91392e-05 0.000804039 0.000136599 1461.09 76083.3 1188.41 3 50 2 0.410868 3.14784e-11 0.241241
7.31 123.417 3.09147 1927.93 1.91392e-05 0.000804051 0.0001366 1462.43 76205.5 1189.06 3 50 2 0.412593 2.85677e-11 0.241714
7.32 123.417 3.09147 1927.93 1.91392e-05 0.000804063 0.000136601 1463.76 76327.6 1189.7 3 50 2 0.407995 2.36161e-11 0.240963
7.33 123.417 3.09149 1927.93 1.91392e-05 0.000804073 0.000136602 1465.1 76449.6 1190.34 3 50 2 0.413016 1.9926e-11 0.241975
7.34 123.417 3.09152 1927.93 1.91391e-05 0.000804081 0.000136603 1466.44 76571.4 1190.98 3 50 2 0.432039 1.73019e-11 0.24499
7.35 123.417 3.09156 1927.93 1.91392e-05 0.000804088 0.000136604 1467.78 76692.7 1191.61 3 50 2 0.458304 1.39185e-11 0.247882
7.36 123.417 3.0916 1927.93 1.91391e-05 0.000804093 0.000136604 1469.11 76814.1 1192.25 3 50 2 0.502525 1.1258e-11 0.250029
7.37 123.417 3.09164 1927.93 1.91391e-05 0.000804096 0.000136604 1470.45 76935.4 1192.89 3 50 2 0.514307 1.17161e-11 0.250211
7.38 123.417 3.09169 1927.93 1.91391e-05 0.000804097 0.000136603 1471.79 77056.6 1193.53 3 50 2 0.476371 1.35578e-11 0.248029
7.39 123.417 3.09176 1927.93 1.91392e-05 0.000804096 0.000136603 1473.12 77181 1194.17 3 50 2 0.441041 1.6156e-11 0.242877
7.4 123.417 3.09181 1927.93 1.91392e-05 0.000804093 0.000136602 1474.57 77312.2 1194.86 3 50 2 0.429071 2.11563e-11 0.242265
7.41 123.417 3.09185 1927.93 1.91392e-05 0.000804088 0.000136601 1476.01 77443 1195.55 3 50 2 0.426272 2.63902e-11 0.24264
7.42 123.417 3.09191 1927.93 1.91392e-05 0.000804081 0.000136599 1477.4 77567.2 1196.21 3 50 2 0.417861 2.90915e-11 0.241255
7.43 123.417 3.09196 1927.93 1.91392e-05 0.000804072 0.000136598 1478.75 77689.7 1196.85 3 50 2 0.410611 3.10731e-11 0.23994
7.44 123.417 3.09201 1927.93 1.91392e-05 0.000804062 0.000136596 1480.1 77811.8 1197.49 3 50 2 0.412829 3.48809e-11 0.240803
7.45 123.417 3.09204 1927.93 1.91393e-05 0.000804051 0.000136594 1481.44 77933.4 1198.13 3 50 2 0.416445 3.84968e-11 0.241811
7.46 123.417 3.09207 1927.93 1.91393e-05 0.000804039 0.000136592 1482.78 78055.1 1198.77 3 50 2 0.414479 3.95336e-11 0.241575
7.47 123.417 3.09211 1927.93 1.91393e-05 0.000804026 0.000136591 1484.12 78177.3 1199.41 3 50 2 0.410999 3.92517e-11 0.241007
7.48 123.417 3.09213 1927.93 1.91394e-05 0.000804012 0.000136589 1485.46 78299.6 1200.05 3 50 2 0.41249 3.98264e-11 0.241455
7.49 123.417 3.09214 1927.93 1.91394e-05 0.000803999 0.000136587 1486.81 78424.2 1200.7 3 50 2 0.416085 4.03028e-11 0.242267
7.5 123.417 3.09214 1927.93 1.91394e-05 0.000803985 0.000136585 1488.23 78552.9 1201.39 3 50 2 0.416386 3.88873e-11 0.242419
7.51 123.417 3.09214 1927.93 1.91395e-05 0.000803972 0.000136583 1489.57 78674.3 1202.02 3 50 2 0.41495 3.62236e-11 0.242249
7.52 123.417 3.09213 1927.93 1.91395e-05 0.000803959 0.000136582 1490.9 78795.8 1202.66 3 50 2 0.41685 3.39018e-11 0.242678
7.53 123.417 3.09211 1927.93 1.91395e-05 0.000803947 0.00013658 1492.24 78917.3 1203.3 3 50 2 0.421582 3.16314e-11 0.243553
7.54 123.417 3.09208 1927.93 1.91395e-05 0.000803936 0.000136579 1493.58 79039.3 1203.94 3 50 2 0.424945 2.82665e-11 0.244138
7.55 123.417 3.09205 1927.93 1.91396e-05 0.000803927 0.000136578 1494.92 79160.5 1204.58 3 50 2 0.427694 2.41208e-11 0.244572
7.56 123.417 3.09202 1927.93 1.91396e-05 0.000803919 0.000136577 1496.25 79281.7 1205.22 3 50 2 0.435667 2.02983e-11 0.245652
7.57 123.417 3.09197 1927.93 1.91396e-05 0.000803912 0.000136577 1497.59 79402.9 1205.86 3 50 2 0.452828 1.68923e-11 0.247531
7.58 123.417 3.09193 1927.93 1.91396e-05 0.000803907 0.000136576 1498.92 79524 1206.5 3 50 2 0.482964 1.34337e-11 0.249552
7.59 123.417 3.09188 1927.93 1.91396e-05 0.000803904 0.000136576 1500.33 79652.4 1207.17 3 50 2 0.541334 1.03896e-11 0.248795
7.6 123.417 3.09184 1927.93 1.91396e-05 0.000803902 0.000136576 1501.74 79778.9 1207.84 3 50 2 0.58779 9.03094e-12 0.245213
7.61 123.417 3.09179 1927.93 1.91396e-05 0.000803902 0.000136576 1503.11 79904.6 1208.5 3 50 2 0.537124 9.61205e-12 0.252904
7.62 123.417 3.09173 1927.93 1.91396e-05 0.000803903 0.000136577 1504.45 80026.6 1209.15 3 50 2 0.464318 1.0237e-11 0.243873
7.63 123.417 3.09168 1927.93 1.91396e-05 0.000803906 0.000136577 1505.79 80148.5 1209.79 3 50 2 0.426618 1.25904e-11 0.238902
7.64 123.417 3.09165 1927.93 1.91396e-05 0.00080391 0.000136578 1507.13 80269.7 1210.43 3 50 2 0.423185 1.62836e-11 0.240849
7.65 123.417 3.09161 1927.93 1.91396e-05 0.000803915 0.000136579 1508.47 80390.8 1211.07 3 50 2 0.412964 1.76038e-11 0.239278
7.66 123.417 3.09156 1927.93 1.91396e-05 0.000803922 0.00013658 1509.8 80512 1211.71 3 50 2 0.399329 1.75285e-11 0.236256
7.67 123.417 3.09153 1927.93 1.91396e-05 0.000803929 0.000136581 1511.15 80633.2 1212.35 3 50 2 0.402246 1.93717e-11 0.237797
7.68 123.417 3.0915 1927.93 1.91395e-05 0.000803936 0.000136582 1512.48 80754.4 1212.99 3 50 2 0.410995 2.17143e-11 0.240383
7.69 123.417 3.09149 1927.93 1.91395e-05 0.000803944 0.000136583 1513.82 80875.9 1213.62 3 50 2 0.409372 2.16447e-11 0.240302
7.7 123.417 3.09146 1927.93 1.91395e-05 0.000803953 0.000136584 1515.15 80997.1 1214.27 3 50 2 0.401658 1.99806e-11 0.238815
7.71 123.417 3.09145 1927.93 1.91395e-05 0.000803961 0.000136585 1516.49 81118.6 1214.91 3 50 2 0.403035 1.93502e-11 0.239392
7.72 123.417 3.09145 1927.93 1.91395e-05 0.000803969 0.000136586 1517.83 81240 1215.55 3 50 2 0.411111 1.92042e-11 0.241276
7.73 123.417 3.09145 1927.93 1.91395e-05 0.000803976 0.000136587 1519.17 81361.8 1216.19 3 50 2 0.412832 1.74932e-11 0.241748
7.74 123.417 3.09146 1927.93 1.91395e-05 0.000803983 0.000136588 1520.51 81483.6 1216.83 3 50 2 0.408888 1.4611e-11 0.241124
7.75 123.417 3.09147 1927.93 1.91395e-05 0.000803989 0.000136588 1521.85 81605.1 1217.47 3 50 2 0.413147 1.23486e-11 0.242
7.76 123.417 3.09149 1927.93 1.91395e-05 0.000803995 0.000136589 1523.19 81726.2 1218.11 3 50 2 0.429995 1.0668e-11 0.244715
7.77 123.417 3.09151 1927.93 1.91395e-05 0.000803999 0.000136589 1524.53 81847.8 1218.75 3 50 2 0.453647 8.56829e-12 0.247461
7.78 123.417 3.09153 1927.93 1.91394e-05 0.000804002 0.000136589 1525.87 81969.4 1219.39 3 50 2 0.496427 6.8086e-12 0.249939
7.79 123.417 3.09156 1927.93 1.91395e-05 0.000804004 0.000136589 1527.2 82091.4 1220.03 3 50 2 0.519361 6.83442e-12 0.250103
7.8 123.417 3.09159 1927.93 1.91395e-05 0.000804005 0.000136589 1528.54 82213.4 1220.66 3 50 2 0.483519 7.86775e-12 0.248787
7.81 123.417 3.09162 1927.93 1.91395e-05 0.000804004 0.000136589 1529.88 82335.5 1221.3 3 50 2 0.445584 9.29657e-12 0.243536
7.82 123.417 3.09166 1927.93 1.91395e-05 0.000804002 0.000136588 1531.22 82458.2 1221.94 3 50 2 0.430384 1.20898e-11 0.242302
7.83 123.417 3.09168 1927.93 1.91395e-05 0.000804 0.000136587 1532.58 82580.9 1222.58 3 50 2 0.427248 1.52522e-11 0.242735
7.84 123.417 3.09171 1927.93 1.91395e-05 0.000803996 0.000136587 1533.94 82703.4 1223.22 3 50 2 0.419156 1.69779e-11 0.241467
7.85 123.417 3.09175 1927.93 1.91395e-05 0.000803991 0.000136586 1535.28 82825.4 1223.86 3 50 2 0.410967 1.80635e-11 0.239947
7.86 123.417 3.09177 1927.93 1.91395e-05 0.000803985 0.000136585 1536.62 82946.9 1224.5 3 50 2 0.412257 2.01882e-11 0.240617
7.87 123.417 3.0918 1927.93 1.91395e-05 0.000803978 0.000136584 1537.95 83068.6 1225.14 3 50 2 0.416176 2.24057e-11 0.24172
